Product,Franchise Code,Date,Budget COGS,Budget Margin,Budget Profit,Budget Sales,Cogs,Inventory,Margin,Marketing,Profit,Sales,Total Expenses
Amaretto,UN234,8/1/2018,90,130,100,220,89,777,130,24,94,219,36
Amaretto,UN330,11/1/2018,50,70,30,120,54,312,66,20,13,120,53
Amaretto,UN330,5/1/2018,90,120,80,210,78,965,92,24,47,170,45
Amaretto,UN440,10/1/2018,110,70,30,180,95,608,50,30,-2,145,52
Amaretto,UN513,12/1/2018,70,110,40,180,63,435,87,57,1,150,86
Amaretto,UN513,6/1/2018,10,30,20,40,18,821,27,5,11,45,16
Amaretto,UN614,9/1/2018,30,50,30,80,38,241,55,12,20,93,35
Amaretto,UN614,7/1/2018,60,80,50,140,60,336,80,19,34,140,46
Amaretto,UN740,4/1/2018,60,90,50,150,72,558,108,23,53,180,55
Amaretto,UN740,1/1/2018,70,100,70,170,84,500,116,26,66,200,50
Amaretto,UN937,3/1/2018,40,60,40,100,46,777,68,12,44,114,24
Amaretto,UN937,2/1/2018,210,220,150,430,228,1459,228,63,140,456,88
Amaretto,IT603,12/1/2018,50,70,20,120,58,338,72,22,16,130,56
Amaretto,IT603,11/1/2018,10,30,20,40,17,777,26,4,11,43,15
Amaretto,IT603,10/1/2018,60,90,10,150,75,522,105,68,8,180,97
Amaretto,IT603,9/1/2018,40,60,40,100,48,623,62,15,35,110,27
Amaretto,IT603,8/1/2018,20,30,0,50,29,169,36,11,-8,65,44
Amaretto,IT603,7/1/2018,70,110,90,180,89,777,130,24,95,219,35
Amaretto,IT603,6/1/2018,60,90,70,150,54,456,80,15,54,134,26
Amaretto,IT603,5/1/2018,20,40,40,60,32,456,48,8,28,80,20
Amaretto,IT603,4/1/2018,100,-50,-170,50,105,725,-44,95,-172,61,128
Amaretto,IT603,3/1/2018,80,90,50,170,69,965,81,21,38,150,43
Amaretto,IT603,2/1/2018,60,60,-10,120,63,435,63,57,-23,126,86
Amaretto,IT603,1/1/2018,40,60,40,100,49,623,63,16,34,112,29
Amaretto,ME319,9/1/2018,70,100,20,170,75,522,105,68,7,180,98
Amaretto,ME319,7/1/2018,100,140,20,240,105,725,145,95,17,250,128
Amaretto,ME319,1/1/2018,50,80,50,130,60,336,80,19,33,140,47
Amaretto,ME515,4/1/2018,10,40,30,50,17,777,26,4,11,43,15
Amaretto,ME563,11/1/2018,10,30,20,40,18,821,27,5,10,45,17
Amaretto,ME563,10/1/2018,50,100,80,150,67,400,113,20,70,180,43
Amaretto,ME641,12/1/2018,50,90,70,140,50,821,73,14,48,123,25
Amaretto,ME641,8/1/2018,270,370,260,640,234,1310,312,77,203,546,109
Amaretto,ME641,6/1/2018,50,60,20,110,54,312,66,20,13,120,53
Amaretto,ME712,5/1/2018,30,50,0,80,37,261,53,34,-10,90,63
Amaretto,ME712,3/1/2018,70,110,30,180,79,551,111,72,9,190,102
Amaretto,ME712,2/1/2018,30,40,-10,70,37,261,53,34,-10,90,63
Amaretto,GE209,7/1/2018,190,210,140,400,170,1091,171,47,99,341,72
Amaretto,GE209,5/1/2018,50,80,50,130,60,336,80,19,33,140,47
Amaretto,CH503,12/1/2018,140,160,110,300,170,1091,171,47,99,341,72
Amaretto,CH503,5/1/2018,50,60,20,110,54,312,66,20,13,120,53
Amaretto,CH503,3/1/2018,50,100,80,150,67,400,113,20,70,180,43
Amaretto,CH541,11/1/2018,30,50,30,80,38,241,55,12,21,93,34
Amaretto,CH541,9/1/2018,30,40,40,70,36,777,54,10,33,90,21
Amaretto,CH541,8/1/2018,80,120,100,200,95,821,139,26,102,234,37
Amaretto,CH541,6/1/2018,200,280,200,480,234,1310,312,77,202,546,110
Amaretto,CH541,1/1/2018,90,130,30,220,105,725,145,95,16,250,129
Amaretto,GE562,8/1/2018,40,60,40,100,49,623,63,16,35,112,28
Amaretto,GE619,11/1/2018,30,40,0,70,37,261,53,34,-11,90,64
Amaretto,GE707,6/1/2018,70,120,100,190,89,777,130,24,95,219,35
Amaretto,GE714,9/1/2018,100,170,120,270,124,961,186,40,115,310,71
Amaretto,GE818,10/1/2018,30,50,30,80,48,623,62,15,34,110,28
Amaretto,GE818,4/1/2018,10,30,20,40,18,821,27,5,11,45,16
Amaretto,GE909,2/1/2018,20,50,50,70,32,456,48,8,29,80,19
Amaretto,GE916,1/1/2018,260,300,220,560,207,965,245,64,159,452,86
Amaretto,GE925,3/1/2018,80,110,80,190,83,623,107,27,68,190,39
Amaretto,GE951,12/1/2018,50,70,50,120,44,623,56,14,29,100,27
Amaretto,CH971,10/1/2018,260,380,260,640,271,2101,407,94,262,678,145
Amaretto,CH971,7/1/2018,80,110,20,190,79,551,111,72,9,190,102
Amaretto,CH971,4/1/2018,60,400,360,460,72,558,422,23,367,494,55
Amaretto,CH971,2/1/2018,60,100,70,160,55,312,75,18,30,130,45
Amaretto,MA435,12/1/2018,340,500,370,840,271,2101,407,94,262,678,145
Amaretto,MA435,10/1/2018,80,120,60,200,67,400,93,22,28,160,65
Amaretto,MA435,7/1/2018,110,180,130,290,124,961,186,40,115,310,71
Amaretto,MA435,6/1/2018,20,40,20,60,28,965,34,8,5,62,29
Amaretto,MA435,5/1/2018,40,50,10,90,34,197,42,12,-3,76,45
Amaretto,MA435,4/1/2018,40,60,50,100,34,777,51,9,30,85,21
Amaretto,MA435,3/1/2018,90,100,40,190,85,494,105,32,39,190,66
Amaretto,MA435,2/1/2018,150,210,130,360,144,862,201,47,111,345,90
Amaretto,MA801,11/1/2018,60,100,70,160,53,338,77,16,38,130,39
Amaretto,MA801,9/1/2018,40,70,40,110,48,372,72,15,25,120,47
Amaretto,MA801,8/1/2018,80,110,70,190,84,651,126,27,68,210,58
Amaretto,MA801,1/1/2018,60,90,50,150,48,372,72,15,26,120,46
Amaretto,RU262,11/1/2018,60,80,50,140,57,364,83,18,42,140,41
Amaretto,RU262,5/1/2018,40,70,20,110,58,338,72,22,17,130,55
Amaretto,RU262,3/1/2018,100,150,120,250,95,821,139,26,101,234,38
Amaretto,RU262,2/1/2018,50,80,50,130,61,390,89,19,47,150,42
Amaretto,RU262,1/1/2018,30,50,40,80,32,821,48,8,29,80,19
Amaretto,RU414,9/1/2018,20,40,0,60,37,261,53,34,-10,90,63
Amaretto,RU715,12/1/2018,20,30,30,50,32,456,48,8,28,80,20
Amaretto,RU715,10/1/2018,50,90,80,140,89,777,130,24,94,219,36
Amaretto,RU715,8/1/2018,50,80,60,130,50,821,73,14,47,123,26
Amaretto,RU715,6/1/2018,190,210,140,400,228,1459,228,63,141,456,87
Amaretto,RU920,7/1/2018,150,220,150,370,234,1310,312,77,203,546,109
Amaretto,RU920,4/1/2018,30,40,10,70,35,196,47,11,9,82,38
Amaretto,BR303,2/1/2018,40,70,50,110,54,456,80,15,53,134,27
Amaretto,BR719,12/1/2018,40,80,50,120,67,400,113,20,70,180,43
Amaretto,BR719,6/1/2018,10,30,20,40,18,821,27,5,10,45,17
Amaretto,BR719,1/1/2018,30,50,40,80,32,821,48,8,28,80,20
Amaretto,BR720,8/1/2018,70,110,60,180,84,651,126,27,68,210,58
Amaretto,BR720,7/1/2018,40,70,60,110,54,456,80,15,54,134,26
Amaretto,BR720,5/1/2018,80,130,80,210,72,558,108,23,53,180,55
Amaretto,BR720,4/1/2018,70,110,70,180,84,651,126,27,67,210,59
Amaretto,BR720,3/1/2018,50,70,50,120,48,623,62,15,34,110,28
Amaretto,BR970,11/1/2018,40,70,50,110,50,821,73,14,47,123,26
Amaretto,BR970,10/1/2018,160,160,100,320,170,1091,171,47,99,341,72
Amaretto,BR970,9/1/2018,50,70,40,120,55,312,75,18,30,130,45
Caffe Latte,FR505,12/1/2018,220,300,200,520,234,1310,312,77,203,546,109
Caffe Latte,FR505,11/1/2018,10,40,30,50,17,777,26,4,10,43,16
Caffe Latte,FR505,10/1/2018,10,30,20,40,17,777,26,4,11,43,15
Caffe Latte,FR505,9/1/2018,50,70,50,120,61,390,89,19,48,150,41
Caffe Latte,FR505,8/1/2018,50,80,60,130,46,777,68,12,45,114,23
Caffe Latte,FR505,7/1/2018,260,270,180,530,228,1459,228,63,140,456,88
Caffe Latte,FR505,6/1/2018,60,80,60,140,69,965,81,21,39,150,42
Caffe Latte,FR505,5/1/2018,70,100,60,170,77,432,103,25,50,180,53
Caffe Latte,FR505,4/1/2018,30,40,10,70,35,196,47,11,9,82,38
Caffe Latte,FR505,3/1/2018,60,90,40,150,58,338,72,22,16,130,56
Caffe Latte,FR505,2/1/2018,100,130,100,230,83,623,107,27,68,190,39
Caffe Latte,FR505,1/1/2018,100,140,110,240,95,821,139,26,101,234,38
Caffe Latte,JA206,10/1/2018,40,60,50,100,32,821,48,8,28,80,20
Caffe Latte,JA206,9/1/2018,80,100,60,180,77,432,103,25,51,180,52
Caffe Latte,JA206,8/1/2018,100,130,70,230,85,494,105,32,39,190,66
Caffe Latte,JA206,7/1/2018,70,100,70,170,57,364,83,18,42,140,41
Caffe Latte,JA206,6/1/2018,180,-40,-120,140,144,862,-26,47,-117,118,91
Caffe Latte,JA206,5/1/2018,20,30,20,50,23,623,31,7,12,54,19
Caffe Latte,JA206,4/1/2018,30,40,20,70,28,965,34,8,4,62,30
Caffe Latte,JA253,12/1/2018,40,60,50,100,33,777,48,9,28,81,20
Caffe Latte,JA253,11/1/2018,80,90,50,170,78,965,92,24,47,170,45
Caffe Latte,JA253,3/1/2018,100,140,100,240,95,608,139,30,87,234,52
Caffe Latte,JA360,2/1/2018,90,140,60,230,79,551,111,72,9,190,102
Caffe Latte,JA425,1/1/2018,80,110,70,190,84,500,116,26,67,200,49
Caffe Latte,UN318,10/1/2018,110,10,-30,120,88,525,11,27,-39,99,50
Caffe Latte,UN318,9/1/2018,60,90,20,150,63,435,87,57,0,150,87
Caffe Latte,UN318,6/1/2018,50,70,40,120,64,965,76,19,36,140,40
Caffe Latte,UN318,3/1/2018,90,140,110,230,89,777,130,24,94,219,36
Caffe Latte,UN318,2/1/2018,60,90,10,150,75,522,105,68,7,180,98
Caffe Latte,UN504,11/1/2018,20,30,10,50,35,196,47,11,9,82,38
Caffe Latte,UN504,1/1/2018,30,60,60,90,54,456,80,15,54,134,26
Caffe Latte,UN985,12/1/2018,50,90,60,140,84,651,126,27,68,210,58
Caffe Latte,UN985,8/1/2018,210,270,160,480,245,1419,301,93,175,546,126
Caffe Latte,UN985,7/1/2018,150,160,100,310,228,1459,228,63,141,456,87
Caffe Latte,UN985,5/1/2018,20,30,-10,50,29,169,36,11,-9,65,45
Caffe Latte,UN985,4/1/2018,60,90,40,150,72,558,108,23,54,180,54
Caffe Latte,SP702,12/1/2018,40,60,40,100,61,390,89,19,48,150,41
Caffe Latte,SP702,10/1/2018,70,100,60,170,84,500,116,26,67,200,49
Caffe Latte,SP702,9/1/2018,30,50,30,80,44,623,56,14,30,100,26
Caffe Latte,SP702,8/1/2018,50,90,70,140,54,456,80,15,54,134,26
Caffe Latte,SP702,7/1/2018,30,50,40,80,32,456,48,8,29,80,19
Caffe Latte,SP702,2/1/2018,10,30,10,40,29,169,36,11,-9,65,45
Caffe Latte,SP775,11/1/2018,40,80,50,120,72,558,108,23,54,180,54
Caffe Latte,SP775,6/1/2018,50,80,50,130,84,500,116,26,67,200,49
Caffe Latte,SP775,5/1/2018,40,60,40,100,38,777,56,10,35,94,21
Caffe Latte,SP775,4/1/2018,160,-160,-240,0,245,1419,-245,93,-354,17,126
Caffe Latte,SP775,3/1/2018,20,40,0,60,34,197,42,12,-4,76,46
Caffe Latte,SP775,1/1/2018,40,80,20,120,75,522,105,68,8,180,97
Caffe Latte,GE415,5/1/2018,10,30,20,40,17,777,26,4,11,43,15
Caffe Latte,CH503,10/1/2018,30,50,40,80,33,777,48,9,28,81,20
Caffe Latte,CH503,9/1/2018,50,80,50,130,57,364,83,18,42,140,41
Caffe Latte,CH503,6/1/2018,50,80,20,130,63,435,87,57,0,150,87
Caffe Latte,CH503,2/1/2018,70,110,30,180,79,551,111,72,10,190,101
Caffe Latte,CH503,1/1/2018,180,190,100,370,245,1419,238,93,111,483,127
Caffe Latte,CH541,11/1/2018,20,50,50,70,33,777,48,9,28,81,20
Caffe Latte,CH541,5/1/2018,40,60,30,100,58,338,72,22,17,130,55
Caffe Latte,CH541,4/1/2018,40,60,30,100,48,372,72,15,25,120,47
Caffe Latte,CH541,3/1/2018,60,80,40,140,85,494,105,32,40,190,65
Caffe Latte,GE559,11/1/2018,30,50,30,80,44,623,56,14,29,100,27
Caffe Latte,GE562,10/1/2018,170,220,160,390,207,965,245,64,160,452,85
Caffe Latte,GE661,1/1/2018,80,120,90,200,95,608,139,30,86,234,53
Caffe Latte,GE707,6/1/2018,120,180,120,300,144,862,201,47,111,345,90
Caffe Latte,GE760,3/1/2018,80,100,40,180,85,494,105,32,40,190,65
Caffe Latte,GE818,7/1/2018,70,10,-20,80,88,525,11,27,-39,99,50
Caffe Latte,GE831,2/1/2018,70,90,60,160,83,623,107,27,68,190,39
Caffe Latte,GE916,12/1/2018,20,50,50,70,34,777,51,9,30,85,21
Caffe Latte,GE916,8/1/2018,20,30,0,50,34,197,42,12,-4,76,46
Caffe Latte,GE925,4/1/2018,40,50,20,90,54,312,66,20,13,120,53
Caffe Latte,GE949,9/1/2018,20,40,20,60,28,965,34,8,4,62,30
Caffe Latte,CH971,12/1/2018,20,50,50,70,32,821,48,8,29,80,19
Caffe Latte,CH971,8/1/2018,50,70,40,120,60,336,80,19,33,140,47
Caffe Latte,CH971,7/1/2018,150,-10,-70,140,207,965,-27,64,-113,180,86
Caffe Latte,MA435,12/1/2018,70,10,-30,80,88,525,11,27,-40,99,51
Caffe Latte,MA435,11/1/2018,70,90,60,160,83,623,107,27,67,190,40
Caffe Latte,MA435,9/1/2018,50,80,50,130,78,965,92,24,47,170,45
Caffe Latte,MA435,6/1/2018,80,120,90,200,95,608,139,30,86,234,53
Caffe Latte,MA435,5/1/2018,80,120,100,200,95,821,139,26,101,234,38
Caffe Latte,MA435,4/1/2018,50,60,40,110,69,965,81,21,39,150,42
Caffe Latte,MA435,3/1/2018,210,270,200,480,228,1459,262,63,175,490,87
Caffe Latte,MA435,2/1/2018,160,170,110,330,170,1091,171,47,100,341,71
Caffe Latte,MA435,1/1/2018,20,40,0,60,29,169,36,11,-8,65,44
Caffe Latte,MA801,10/1/2018,100,150,120,250,99,766,144,27,105,243,39
Caffe Latte,MA801,8/1/2018,50,70,30,120,53,306,65,20,12,118,53
Caffe Latte,MA801,7/1/2018,90,110,70,200,75,956,90,23,46,165,44
Caffe Latte,SI405,10/1/2018,60,100,40,160,54,427,75,49,-4,129,79
Caffe Latte,SI405,3/1/2018,130,30,-20,160,104,685,28,33,-27,132,55
Caffe Latte,SI405,2/1/2018,10,30,20,40,18,818,27,5,10,45,17
Caffe Latte,SI405,1/1/2018,30,60,40,90,41,236,60,13,25,101,35
Caffe Latte,SI580,9/1/2018,60,80,50,140,60,329,80,19,33,140,47
Caffe Latte,SI580,7/1/2018,60,100,60,160,75,378,114,24,58,189,56
Caffe Latte,SI918,12/1/2018,70,100,70,170,86,300,120,26,70,206,50
Caffe Latte,SI918,11/1/2018,40,50,30,90,42,771,61,11,38,103,23
Caffe Latte,SI918,8/1/2018,210,220,150,430,228,1436,229,63,142,457,87
Caffe Latte,SI918,6/1/2018,50,70,20,120,59,331,73,22,18,132,55
Caffe Latte,SI918,5/1/2018,0,40,30,40,0,774,43,0,31,43,12
Caffe Latte,SI918,4/1/2018,50,80,10,130,65,342,90,58,2,155,88
Caffe Latte,SW254,5/1/2018,40,60,40,100,48,617,62,15,35,110,27
Caffe Latte,SW281,7/1/2018,20,30,0,50,30,104,38,11,-7,68,45
Caffe Latte,SW325,3/1/2018,80,120,100,200,99,766,144,27,106,243,38
Caffe Latte,SW430,8/1/2018,80,140,110,220,77,449,112,21,80,189,32
Caffe Latte,SW512,12/1/2018,10,30,30,40,22,452,34,6,17,56,17
Caffe Latte,SW512,2/1/2018,110,-60,-190,50,121,901,-60,110,-203,61,143
Caffe Latte,SW817,11/1/2018,80,100,60,180,70,957,84,21,42,154,42
Caffe Latte,SW830,9/1/2018,50,70,10,120,54,451,74,49,-4,128,78
Caffe Latte,SW830,1/1/2018,40,60,40,100,49,617,63,16,35,112,28
Caffe Latte,SW832,10/1/2018,110,160,30,270,121,712,169,110,26,290,143
Caffe Latte,SW832,4/1/2018,60,90,20,150,65,513,90,58,3,155,87
Caffe Latte,SW936,6/1/2018,50,80,50,130,60,329,80,19,33,140,47
Caffe Mocha,UN216,7/1/2018,20,30,20,50,19,774,28,5,11,47,17
Caffe Mocha,UN234,2/1/2018,10,30,20,40,18,818,27,5,10,45,17
Caffe Mocha,UN419,6/1/2018,50,90,70,140,65,372,109,20,65,174,44
Caffe Mocha,UN440,11/1/2018,50,90,70,140,50,814,73,14,48,123,25
Caffe Mocha,UN513,9/1/2018,270,370,260,640,234,1282,311,77,201,545,110
Caffe Mocha,UN513,8/1/2018,50,60,20,110,53,306,65,20,12,118,53
Caffe Mocha,UN513,3/1/2018,40,60,10,100,43,256,61,39,-7,104,68
Caffe Mocha,UN567,10/1/2018,80,130,40,210,92,541,128,83,16,220,112
Caffe Mocha,UN567,4/1/2018,30,50,0,80,43,256,61,39,-7,104,68
Caffe Mocha,UN614,1/1/2018,190,210,140,400,170,1073,170,47,98,340,72
Caffe Mocha,UN740,12/1/2018,50,80,50,130,60,329,80,19,33,140,47
Caffe Mocha,UN740,5/1/2018,140,150,100,290,170,1073,170,47,99,340,71
Caffe Mocha,FR505,12/1/2018,50,60,20,110,53,306,65,20,11,118,54
Caffe Mocha,FR505,11/1/2018,50,100,80,150,65,372,109,20,66,174,43
Caffe Mocha,FR505,10/1/2018,30,50,30,80,41,236,60,13,24,101,36
Caffe Mocha,FR505,9/1/2018,20,50,50,70,33,772,48,9,28,81,20
Caffe Mocha,FR505,8/1/2018,80,120,100,200,95,809,137,26,100,232,37
Caffe Mocha,FR505,7/1/2018,200,270,190,470,234,1282,311,77,201,545,110
Caffe Mocha,FR505,6/1/2018,100,150,40,250,121,712,169,110,26,290,143
Caffe Mocha,FR505,5/1/2018,40,60,40,100,49,617,63,16,35,112,28
Caffe Mocha,FR505,4/1/2018,30,60,10,90,43,256,61,39,-8,104,69
Caffe Mocha,FR505,3/1/2018,80,130,110,210,99,766,144,27,105,243,39
Caffe Mocha,FR505,2/1/2018,110,170,120,280,130,945,195,42,121,325,74
Caffe Mocha,FR505,1/1/2018,30,50,30,80,48,617,62,15,34,110,28
Caffe Mocha,IN239,10/1/2018,10,30,20,40,18,818,27,5,10,45,17
Caffe Mocha,IN239,1/1/2018,10,30,30,40,22,452,34,6,17,56,17
Caffe Mocha,IN305,12/1/2018,260,320,240,580,213,942,252,66,164,465,88
Caffe Mocha,IN305,2/1/2018,80,110,80,190,83,613,107,27,68,190,39
Caffe Mocha,IN386,7/1/2018,50,70,50,120,44,618,56,14,29,100,27
Caffe Mocha,IN754,11/1/2018,240,370,250,610,258,2067,387,90,245,645,142
Caffe Mocha,IN786,6/1/2018,90,140,40,230,92,541,128,83,15,220,113
Caffe Mocha,IN786,5/1/2018,70,370,330,440,75,235,395,24,340,470,55
Caffe Mocha,IN786,4/1/2018,60,100,70,160,55,305,75,18,30,130,45
Caffe Mocha,IN863,9/1/2018,120,180,130,300,130,945,195,42,121,325,74
Caffe Mocha,IN941,8/1/2018,80,110,50,190,65,392,90,21,25,155,65
Caffe Mocha,IN941,3/1/2018,320,480,360,800,258,2067,387,90,245,645,142
Caffe Mocha,IT603,12/1/2018,20,40,20,60,28,961,35,8,6,63,29
Caffe Mocha,IT603,11/1/2018,40,50,10,90,33,193,41,12,-5,74,46
Caffe Mocha,IT603,10/1/2018,40,70,60,110,38,772,56,10,34,94,22
Caffe Mocha,IT603,9/1/2018,90,110,50,200,86,484,107,32,42,193,65
Caffe Mocha,IT603,8/1/2018,150,220,140,370,148,844,206,48,115,354,91
Caffe Mocha,IT603,7/1/2018,70,100,70,170,58,331,84,18,44,142,40
Caffe Mocha,IT603,6/1/2018,40,60,30,100,45,366,69,14,23,114,46
Caffe Mocha,IT603,5/1/2018,70,120,80,190,80,640,120,26,63,200,57
Caffe Mocha,IT603,4/1/2018,50,90,50,140,45,366,69,14,24,114,45
Caffe Mocha,IT603,3/1/2018,50,80,50,130,52,357,76,16,38,128,38
Caffe Mocha,IT603,2/1/2018,50,60,10,110,59,331,73,22,18,132,55
Caffe Mocha,IT603,1/1/2018,100,150,120,250,95,809,137,26,100,232,37
Caffe Mocha,JA206,7/1/2018,40,80,50,120,56,382,81,17,41,137,40
Caffe Mocha,JA206,5/1/2018,30,50,40,80,32,817,48,8,28,80,20
Caffe Mocha,JA253,10/1/2018,20,50,10,70,43,256,61,39,-7,104,68
Caffe Mocha,JA253,9/1/2018,60,100,90,160,99,766,144,27,106,243,38
Caffe Mocha,JA253,4/1/2018,10,20,20,30,22,452,34,6,17,56,17
Caffe Mocha,JA253,3/1/2018,50,80,60,130,50,814,73,14,48,123,25
Caffe Mocha,JA253,2/1/2018,190,210,140,400,228,1436,229,63,141,457,88
Caffe Mocha,JA253,1/1/2018,150,220,150,370,234,1282,311,77,202,545,109
Caffe Mocha,JA425,11/1/2018,30,40,10,70,35,191,47,11,9,82,38
Caffe Mocha,JA425,8/1/2018,60,100,80,160,77,449,112,21,79,189,33
Caffe Mocha,JA425,6/1/2018,40,70,40,110,65,372,109,20,66,174,43
Caffe Mocha,JA509,12/1/2018,10,30,20,40,18,818,27,5,11,45,16
Caffe Mocha,NE217,4/1/2018,30,50,40,80,32,817,48,8,28,80,20
Caffe Mocha,NE224,11/1/2018,60,110,60,170,80,640,120,26,62,200,58
Caffe Mocha,NE224,7/1/2018,60,100,90,160,77,449,112,21,80,189,32
Caffe Mocha,NE309,1/1/2018,80,140,90,220,75,549,114,24,59,189,55
Caffe Mocha,NE312,6/1/2018,60,110,70,170,80,640,120,26,63,200,57
Caffe Mocha,NE312,3/1/2018,50,70,50,120,48,617,62,15,35,110,27
Caffe Mocha,NE618,9/1/2018,40,70,50,110,50,814,73,14,48,123,25
Caffe Mocha,NE630,8/1/2018,160,160,100,320,170,1073,170,47,99,340,71
Caffe Mocha,NE708,2/1/2018,220,300,200,520,234,1282,311,77,202,545,109
Caffe Mocha,NE773,5/1/2018,50,70,40,120,55,305,75,18,29,130,46
Caffe Mocha,NE815,12/1/2018,0,50,40,50,0,774,43,0,32,43,11
Caffe Mocha,NE815,10/1/2018,10,30,20,40,19,774,28,5,11,47,17
Caffe Mocha,GR314,12/1/2018,40,70,50,110,56,382,81,17,41,137,40
Caffe Mocha,GR314,11/1/2018,40,80,60,120,42,771,61,11,38,103,23
Caffe Mocha,GR314,10/1/2018,260,270,180,530,228,1436,229,63,142,457,87
Caffe Mocha,GR314,8/1/2018,60,80,60,140,70,957,84,21,41,154,43
Caffe Mocha,GR573,7/1/2018,70,100,60,170,77,423,103,25,51,180,52
Caffe Mocha,GR573,3/1/2018,30,40,10,70,35,191,47,11,8,82,39
Caffe Mocha,GR573,2/1/2018,60,90,40,150,59,331,73,22,18,132,55
Caffe Mocha,GR573,1/1/2018,100,130,100,230,83,613,107,27,68,190,39
Caffe Mocha,GR636,5/1/2018,100,140,110,240,95,809,137,26,99,232,38
Caffe Mocha,GR660,6/1/2018,40,60,50,100,32,817,48,8,29,80,19
Caffe Mocha,GR660,4/1/2018,80,100,60,180,77,423,103,25,50,180,53
Caffe Mocha,GR816,9/1/2018,100,140,80,240,86,484,107,32,41,193,66
Caffe Mocha,UN225,11/1/2018,60,100,70,160,52,357,76,16,38,128,38
Caffe Mocha,UN225,7/1/2018,180,-30,-110,150,148,1071,-26,48,-117,122,91
Caffe Mocha,UN225,6/1/2018,20,30,20,50,23,620,31,7,12,54,19
Caffe Mocha,UN225,5/1/2018,30,40,20,70,28,961,35,8,6,63,29
Caffe Mocha,UN225,4/1/2018,50,90,70,140,47,772,68,13,44,115,24
Caffe Mocha,UN318,3/1/2018,70,100,60,170,75,956,90,23,46,165,44
Caffe Mocha,UN337,8/1/2018,110,150,100,260,104,596,150,33,95,254,55
Caffe Mocha,UN337,1/1/2018,110,160,60,270,92,541,128,83,15,220,113
Caffe Mocha,UN504,2/1/2018,80,110,70,190,86,490,120,26,71,206,49
Caffe Mocha,UN985,12/1/2018,100,20,-20,120,84,625,18,26,-31,102,49
Caffe Mocha,UN985,10/1/2018,50,80,20,130,54,427,75,49,-3,129,78
Caffe Mocha,UN985,9/1/2018,50,60,30,110,62,958,74,19,34,136,40
Caffe Mocha,SP702,10/1/2018,100,160,130,260,99,766,144,27,105,243,39
Caffe Mocha,SP702,4/1/2018,50,80,10,130,65,513,90,58,3,155,87
Caffe Mocha,SP702,1/1/2018,20,30,10,50,35,191,47,11,9,82,38
Caffe Mocha,SP775,12/1/2018,50,80,50,130,80,640,120,26,62,200,58
Caffe Mocha,SP775,11/1/2018,50,70,60,120,77,449,112,21,80,189,32
Caffe Mocha,SP775,9/1/2018,200,260,150,460,240,1391,294,91,169,534,125
Caffe Mocha,SP775,8/1/2018,150,160,100,310,228,1436,229,63,142,457,87
Caffe Mocha,SP775,7/1/2018,20,30,-10,50,30,165,38,11,-7,68,45
Caffe Mocha,SP775,6/1/2018,60,100,50,160,75,549,114,24,59,189,55
Caffe Mocha,SP775,5/1/2018,30,60,40,90,56,382,81,17,41,137,40
Caffe Mocha,SP775,3/1/2018,70,110,70,180,86,490,120,26,71,206,49
Caffe Mocha,SP775,2/1/2018,30,50,30,80,44,618,56,14,30,100,26
Caffe Mocha,ME319,10/1/2018,80,120,90,200,77,449,112,21,79,189,33
Caffe Mocha,ME319,5/1/2018,20,40,30,60,22,452,34,6,17,56,17
Caffe Mocha,ME319,2/1/2018,10,30,10,40,30,165,38,11,-6,68,44
Caffe Mocha,ME515,12/1/2018,40,80,50,120,75,549,114,24,58,189,56
Caffe Mocha,ME515,11/1/2018,50,90,60,140,86,490,120,26,71,206,49
Caffe Mocha,ME515,9/1/2018,20,50,40,70,27,772,39,7,21,66,18
Caffe Mocha,ME515,6/1/2018,150,-150,-220,0,240,1937,-240,91,-342,23,125
Caffe Mocha,ME563,4/1/2018,20,40,0,60,33,193,41,12,-4,74,45
Caffe Mocha,ME563,1/1/2018,40,60,10,100,65,513,90,58,3,155,87
Caffe Mocha,ME641,7/1/2018,0,40,30,40,0,774,43,0,32,43,11
Caffe Mocha,ME712,8/1/2018,40,80,60,120,47,772,68,13,44,115,24
Caffe Mocha,ME712,3/1/2018,40,80,50,120,52,357,76,16,38,128,38
Caffe Mocha,CA203,11/1/2018,40,70,10,110,54,427,75,49,-3,129,78
Caffe Mocha,CA203,10/1/2018,80,130,40,210,92,541,128,83,15,220,113
Caffe Mocha,CA203,6/1/2018,180,200,110,380,240,1454,255,91,131,495,124
Caffe Mocha,GE209,5/1/2018,40,60,50,100,47,772,68,13,43,115,25
Caffe Mocha,GE323,3/1/2018,40,60,30,100,59,331,73,22,18,132,55
Caffe Mocha,CA475,12/1/2018,30,70,40,100,45,366,69,14,24,114,45
Caffe Mocha,CA475,5/1/2018,180,220,160,400,213,942,252,66,164,465,88
Caffe Mocha,CH503,12/1/2018,30,50,30,80,44,618,56,14,30,100,26
Caffe Mocha,CH503,11/1/2018,60,90,50,150,86,484,107,32,41,193,66
Caffe Mocha,CH503,8/1/2018,80,140,110,220,104,596,150,33,95,254,55
Caffe Mocha,CH503,7/1/2018,120,190,120,310,148,844,206,48,115,354,91
Caffe Mocha,CH503,6/1/2018,80,100,40,180,86,484,107,32,42,193,65
Caffe Mocha,CH503,1/1/2018,70,10,-20,80,84,625,18,26,-32,102,50
Caffe Mocha,GE530,12/1/2018,70,90,60,160,83,613,107,27,68,190,39
Caffe Mocha,GE530,8/1/2018,30,50,50,80,38,772,56,10,34,94,22
Caffe Mocha,CH541,9/1/2018,20,30,0,50,33,193,41,12,-4,74,45
Caffe Mocha,CH541,5/1/2018,40,50,20,90,53,306,65,20,12,118,53
Caffe Mocha,CH541,2/1/2018,20,40,20,60,28,961,35,8,5,63,30
Caffe Mocha,GE562,10/1/2018,20,50,50,70,32,817,48,8,28,80,20
Caffe Mocha,GE562,7/1/2018,50,70,40,120,60,329,80,19,33,140,47
Caffe Mocha,GE714,6/1/2018,160,-20,-80,140,213,1214,-33,66,-120,180,87
Caffe Mocha,GE805,4/1/2018,70,10,-30,80,84,625,18,26,-31,102,49
Caffe Mocha,GE818,11/1/2018,50,70,50,120,75,956,90,23,46,165,44
Caffe Mocha,GE818,1/1/2018,70,90,60,160,83,613,107,27,68,190,39
Caffe Mocha,CA860,8/1/2018,80,140,110,220,104,596,150,33,94,254,56
Caffe Mocha,CA860,7/1/2018,80,120,100,200,95,809,137,26,99,232,38
Caffe Mocha,CA860,4/1/2018,50,70,50,120,70,957,84,21,42,154,42
Caffe Mocha,CA860,3/1/2018,210,350,280,560,228,1402,352,63,264,580,88
Caffe Mocha,CA860,2/1/2018,160,170,110,330,170,1073,170,47,99,340,71
Caffe Mocha,CA860,1/1/2018,20,40,0,60,30,165,38,11,-6,68,44
Caffe Mocha,GE916,2/1/2018,90,130,100,220,87,756,126,24,90,213,36
Caffe Mocha,GE951,9/1/2018,50,70,30,120,54,301,66,20,13,120,53
Caffe Mocha,CA959,9/1/2018,90,110,70,200,74,949,89,22,45,163,44
Caffe Mocha,CH971,10/1/2018,130,20,-30,150,109,796,16,34,-41,125,57
Caffe Mocha,CH971,4/1/2018,60,90,30,150,52,421,73,47,-3,125,76
Caffe Mocha,CH971,3/1/2018,10,30,20,40,18,816,27,5,10,45,17
Caffe Mocha,MA435,12/1/2018,40,60,40,100,43,231,64,13,29,107,35
Caffe Mocha,MA435,11/1/2018,60,80,50,140,57,323,77,18,32,134,45
Caffe Mocha,MA435,9/1/2018,60,90,50,150,72,189,108,23,54,180,54
Caffe Mocha,MA435,6/1/2018,70,110,80,180,89,94,125,27,74,214,51
Caffe Mocha,MA435,5/1/2018,40,70,50,110,48,766,70,13,45,118,25
Caffe Mocha,MA435,1/1/2018,220,230,150,450,239,1417,239,66,149,478,90
Caffe Mocha,MA801,10/1/2018,50,70,20,120,58,325,71,22,15,129,56
Caffe Mocha,MA801,8/1/2018,0,40,30,40,0,731,43,0,31,43,12
Caffe Mocha,MA801,7/1/2018,50,70,0,120,63,187,87,57,1,150,86
Caffe Mocha,MA801,4/1/2018,40,60,40,100,49,611,63,16,35,112,28
Caffe Mocha,MA801,3/1/2018,20,40,10,60,33,36,42,12,-3,75,45
Caffe Mocha,MA801,2/1/2018,70,110,90,180,87,756,126,24,91,213,35
Caffe Mocha,IN339,12/1/2018,90,140,110,230,81,441,117,22,84,198,33
Caffe Mocha,IN339,8/1/2018,10,30,30,40,21,449,32,5,15,53,17
Caffe Mocha,IN351,6/1/2018,120,-60,-190,60,125,1118,-62,113,-208,63,146
Caffe Mocha,IN413,5/1/2018,80,100,60,180,71,950,84,22,41,155,43
Caffe Mocha,IN508,9/1/2018,40,80,20,120,52,446,73,47,-4,125,77
Caffe Mocha,IN508,3/1/2018,40,60,40,100,48,611,62,15,34,110,28
Caffe Mocha,IN508,2/1/2018,50,70,40,120,57,323,77,18,32,134,45
Caffe Mocha,IN617,4/1/2018,60,80,10,140,63,506,87,57,0,150,87
Caffe Mocha,IN774,11/1/2018,120,160,30,280,125,700,173,113,27,298,146
Caffe Mocha,IN774,10/1/2018,10,30,20,40,16,772,25,4,9,41,16
Caffe Mocha,IN781,1/1/2018,10,30,20,40,18,816,27,5,10,45,17
Caffe Mocha,IN978,7/1/2018,50,90,70,140,62,346,105,19,63,167,42
Caffe Mocha,RU262,6/1/2018,50,90,70,140,49,809,72,13,47,121,25
Caffe Mocha,RU414,9/1/2018,280,380,260,660,243,1260,324,80,211,567,113
Caffe Mocha,RU414,2/1/2018,50,60,20,110,54,301,66,20,12,120,54
Caffe Mocha,RU414,1/1/2018,40,60,10,100,44,251,63,40,-7,107,70
Caffe Mocha,RU608,10/1/2018,90,130,30,220,95,532,132,86,17,227,115
Caffe Mocha,RU608,7/1/2018,30,60,10,90,44,251,63,40,-7,107,70
Caffe Mocha,RU608,5/1/2018,180,200,130,380,162,1059,163,45,94,325,69
Caffe Mocha,RU715,12/1/2018,50,80,50,130,57,323,77,18,31,134,46
Caffe Mocha,RU715,4/1/2018,130,150,100,280,162,1059,163,45,94,325,69
Caffe Mocha,RU715,3/1/2018,50,60,20,110,54,301,66,20,13,120,53
Caffe Mocha,RU920,11/1/2018,50,90,70,140,62,346,105,19,63,167,42
Caffe Mocha,RU920,8/1/2018,30,60,40,90,43,231,64,13,28,107,36
Caffe Mocha,AU212,12/1/2018,80,120,100,200,95,799,139,26,101,234,38
Caffe Mocha,AU315,1/1/2018,30,50,50,80,37,768,55,10,33,92,22
Caffe Mocha,AU347,11/1/2018,200,290,210,490,243,1260,324,80,212,567,112
Caffe Mocha,AU347,7/1/2018,100,160,50,260,125,700,173,113,27,298,146
Caffe Mocha,AU518,8/1/2018,40,60,40,100,48,611,62,15,34,110,28
Caffe Mocha,AU585,9/1/2018,30,60,10,90,44,251,63,40,-6,107,69
Caffe Mocha,AU585,2/1/2018,70,110,90,180,87,756,126,24,91,213,35
Caffe Mocha,AU607,3/1/2018,100,170,120,270,123,932,186,40,115,309,71
Caffe Mocha,AU646,5/1/2018,30,50,30,80,49,611,63,16,35,112,28
Caffe Mocha,AU845,10/1/2018,10,30,20,40,18,816,27,5,10,45,17
Caffe Mocha,AU914,6/1/2018,10,30,30,40,21,449,32,5,15,53,17
Caffe Mocha,AU914,4/1/2018,260,320,240,580,214,923,253,66,166,467,87
Caffe Mocha,SI405,10/1/2018,80,120,90,200,84,603,109,27,69,193,40
Caffe Mocha,SI405,5/1/2018,50,70,50,120,43,613,55,14,29,98,26
Caffe Mocha,SI405,1/1/2018,250,390,270,640,270,2041,405,94,259,675,146
Caffe Mocha,SI580,12/1/2018,100,130,30,230,95,532,132,86,17,227,115
Caffe Mocha,SI580,9/1/2018,60,400,360,460,72,-54,420,23,366,492,54
Caffe Mocha,SI580,4/1/2018,60,90,60,150,53,299,71,17,26,124,45
Caffe Mocha,SI918,11/1/2018,340,500,370,840,270,2041,405,94,259,675,146
Caffe Mocha,SI918,8/1/2018,70,110,60,180,62,385,87,20,24,149,63
Caffe Mocha,SI918,7/1/2018,110,180,130,290,123,932,186,40,114,309,72
Caffe Mocha,SI918,6/1/2018,20,40,20,60,28,958,35,8,6,63,29
Caffe Mocha,SI918,3/1/2018,40,50,10,90,33,190,42,12,-4,75,46
Caffe Mocha,SI918,2/1/2018,40,60,50,100,33,768,49,9,29,82,20
Caffe Mocha,BR303,11/1/2018,90,100,40,190,85,476,104,32,39,189,65
Caffe Mocha,BR303,10/1/2018,160,220,140,380,154,829,213,50,119,367,94
Caffe Mocha,BR303,9/1/2018,70,110,80,180,61,325,89,19,48,150,41
Caffe Mocha,BR303,7/1/2018,40,70,40,110,47,361,72,15,26,119,46
Caffe Mocha,BR303,5/1/2018,80,110,70,190,84,632,126,27,67,210,59
Caffe Mocha,BR303,1/1/2018,50,90,50,140,47,361,72,15,26,119,46
Caffe Mocha,BR719,6/1/2018,50,70,40,120,49,351,72,15,35,121,37
Caffe Mocha,BR719,3/1/2018,40,70,20,110,58,325,71,22,16,129,55
Caffe Mocha,BR720,8/1/2018,100,150,120,250,95,799,139,26,102,234,37
Caffe Mocha,BR720,4/1/2018,40,70,40,110,52,376,77,16,38,129,39
Caffe Mocha,BR970,12/1/2018,30,50,40,80,32,813,47,8,28,79,19
Caffe Mocha,BR970,2/1/2018,20,50,10,70,44,251,63,40,-7,107,70
Caffe Mocha,SW210,10/1/2018,10,20,20,30,21,449,32,5,16,53,16
Caffe Mocha,SW210,7/1/2018,50,80,60,130,49,809,72,13,47,121,25
Caffe Mocha,SW254,5/1/2018,50,90,80,140,87,756,126,24,91,213,35
Caffe Mocha,SW281,6/1/2018,200,220,140,420,239,1417,239,66,148,478,91
Caffe Mocha,SW325,4/1/2018,160,220,150,380,243,1260,324,80,212,567,112
Caffe Mocha,SW325,1/1/2018,30,40,10,70,36,187,49,11,11,85,38
Caffe Mocha,SW409,11/1/2018,60,110,80,170,81,441,117,22,84,198,33
Caffe Mocha,SW682,8/1/2018,40,70,40,110,62,346,105,19,62,167,43
Caffe Mocha,SW713,9/1/2018,10,30,20,40,18,816,27,5,11,45,16
Caffe Mocha,SW903,2/1/2018,30,50,40,80,33,813,48,9,27,81,21
Caffe Mocha,SW936,3/1/2018,70,110,60,180,84,632,126,27,68,210,58
Caffe Mocha,SW972,12/1/2018,60,110,90,170,81,441,117,22,84,198,33
Chamomile,UN216,4/1/2018,80,130,80,210,72,541,108,23,54,180,54
Chamomile,UN234,3/1/2018,70,110,70,180,84,632,126,27,68,210,58
Chamomile,UN330,2/1/2018,50,80,60,130,49,611,63,16,34,112,29
Chamomile,UN419,5/1/2018,40,70,50,110,49,809,72,13,47,121,25
Chamomile,UN567,8/1/2018,150,160,100,310,162,1059,163,45,94,325,69
Chamomile,UN614,6/1/2018,230,310,210,540,243,1260,324,80,211,567,113
Chamomile,UN740,7/1/2018,50,70,40,120,53,299,71,17,26,124,45
Chamomile,UN937,12/1/2018,0,50,40,50,0,731,43,0,32,43,11
Chamomile,UN937,11/1/2018,10,20,10,30,16,772,25,4,10,41,15
Chamomile,UN937,10/1/2018,40,70,50,110,52,376,77,16,38,129,39
Chamomile,UN937,9/1/2018,50,80,60,130,48,766,70,13,45,118,25
Chamomile,UN937,1/1/2018,270,290,200,560,239,1417,239,66,148,478,91
Chamomile,FR505,12/1/2018,60,80,50,140,71,950,84,22,40,155,44
Chamomile,FR505,11/1/2018,70,110,70,180,80,415,108,26,54,188,54
Chamomile,FR505,10/1/2018,30,40,10,70,36,187,49,11,11,85,38
Chamomile,FR505,9/1/2018,60,90,40,150,58,325,71,22,15,129,56
Chamomile,FR505,8/1/2018,100,140,110,240,84,603,109,27,70,193,39
Chamomile,FR505,7/1/2018,100,140,110,240,95,799,139,26,101,234,38
Chamomile,FR505,6/1/2018,40,50,40,90,32,813,47,8,27,79,20
Chamomile,FR505,5/1/2018,80,110,70,190,80,415,108,26,55,188,53
Chamomile,FR505,4/1/2018,100,130,70,230,85,476,104,32,38,189,66
Chamomile,FR505,3/1/2018,190,-40,-120,150,154,1288,-27,50,-121,127,94
Chamomile,FR505,2/1/2018,60,90,60,150,49,351,72,15,34,121,38
Chamomile,FR505,1/1/2018,20,30,20,50,23,617,31,7,12,54,19
Chamomile,IN305,4/1/2018,30,40,20,70,28,958,35,8,6,63,29
Chamomile,IN386,10/1/2018,60,90,70,150,49,767,72,13,47,121,25
Chamomile,IN561,11/1/2018,70,100,60,170,74,949,89,22,45,163,44
Chamomile,IN561,9/1/2018,110,170,120,280,109,585,158,34,102,267,56
Chamomile,IN754,2/1/2018,110,170,70,280,95,532,132,86,16,227,116
Chamomile,IN772,12/1/2018,80,120,80,200,89,481,125,27,74,214,51
Chamomile,IN813,8/1/2018,110,20,-20,130,88,715,18,27,-33,106,51
Chamomile,IN863,7/1/2018,50,80,20,130,52,421,73,47,-4,125,77
Chamomile,IN863,3/1/2018,50,60,30,110,62,952,73,19,32,135,41
Chamomile,IN863,1/1/2018,90,140,110,230,87,756,126,24,91,213,35
Chamomile,IN941,6/1/2018,50,80,10,130,63,506,87,57,1,150,86
Chamomile,IN941,5/1/2018,20,30,10,50,36,187,49,11,10,85,39
Chamomile,JA206,11/1/2018,50,80,70,130,81,441,117,22,84,198,33
Chamomile,JA206,10/1/2018,50,90,60,140,84,632,126,27,68,210,58
Chamomile,JA206,6/1/2018,210,270,160,480,245,1369,301,93,175,546,126
Chamomile,JA206,5/1/2018,150,170,110,320,239,1417,239,66,148,478,91
Chamomile,JA206,3/1/2018,20,40,0,60,33,162,42,12,-3,75,45
Chamomile,JA206,2/1/2018,60,90,40,150,72,541,108,23,53,180,55
Chamomile,JA206,1/1/2018,30,50,30,80,52,376,77,16,38,129,39
Chamomile,JA253,9/1/2018,70,110,70,180,89,481,125,27,74,214,51
Chamomile,JA253,4/1/2018,30,50,30,80,43,613,55,14,29,98,26
Chamomile,JA360,8/1/2018,80,130,100,210,81,441,117,22,83,198,34
Chamomile,JA425,7/1/2018,20,30,20,50,21,449,32,5,15,53,17
Chamomile,JA509,12/1/2018,20,30,10,50,33,162,42,12,-4,75,46
Chamomile,NE224,4/1/2018,20,40,30,60,25,769,37,7,18,62,19
Chamomile,NE224,3/1/2018,50,90,60,140,89,481,125,27,74,214,51
Chamomile,NE309,12/1/2018,40,80,50,120,72,541,108,23,54,180,54
Chamomile,NE312,11/1/2018,160,-160,-240,0,245,2449,-245,93,-340,32,127
Chamomile,NE312,7/1/2018,20,40,0,60,33,190,42,12,-4,75,46
Chamomile,NE312,1/1/2018,40,60,10,100,63,506,87,57,0,150,87
Chamomile,NE630,8/1/2018,0,40,30,40,0,731,43,0,32,43,11
Chamomile,NE630,6/1/2018,50,80,60,130,49,767,72,13,47,121,25
Chamomile,NE708,10/1/2018,40,70,40,110,49,351,72,15,35,121,37
Chamomile,NE708,9/1/2018,40,70,20,110,52,421,73,47,-4,125,77
Chamomile,NE773,5/1/2018,90,130,30,220,95,532,132,86,17,227,115
Chamomile,NE815,2/1/2018,180,220,130,400,245,1471,268,93,141,513,127
Chamomile,GR314,8/1/2018,40,60,50,100,49,767,72,13,47,121,25
Chamomile,GR314,4/1/2018,40,60,30,100,58,325,71,22,16,129,55
Chamomile,GR417,12/1/2018,40,60,30,100,47,361,72,15,26,119,46
Chamomile,GR417,5/1/2018,30,50,30,80,43,613,55,14,29,98,26
Chamomile,GR573,11/1/2018,180,230,170,410,214,923,253,66,165,467,88
Chamomile,GR573,10/1/2018,60,80,40,140,85,476,104,32,39,189,65
Chamomile,GR573,1/1/2018,90,140,110,230,109,585,158,34,102,267,56
Chamomile,GR636,9/1/2018,130,190,120,320,154,829,213,50,119,367,94
Chamomile,GR636,2/1/2018,80,100,40,180,85,476,104,32,39,189,65
Chamomile,GR660,6/1/2018,70,20,-10,90,88,715,18,27,-32,106,50
Chamomile,GR816,7/1/2018,70,90,60,160,84,603,109,27,70,193,39
Chamomile,GR816,3/1/2018,20,50,50,70,33,768,49,9,29,82,20
Chamomile,UN225,12/1/2018,20,30,0,50,33,190,42,12,-3,75,45
Chamomile,UN225,10/1/2018,40,50,20,90,54,301,66,20,12,120,54
Chamomile,UN225,6/1/2018,20,40,20,60,28,958,35,8,5,63,30
Chamomile,UN318,9/1/2018,20,40,40,60,32,813,47,8,28,79,19
Chamomile,UN318,7/1/2018,40,70,40,110,57,323,77,18,31,134,46
Chamomile,UN337,11/1/2018,160,-20,-80,140,214,1480,-32,66,-119,182,87
Chamomile,UN337,3/1/2018,70,20,-20,90,88,715,18,27,-32,106,50
Chamomile,UN337,2/1/2018,70,90,60,160,84,603,109,27,69,193,40
Chamomile,UN337,1/1/2018,50,70,50,120,74,949,89,22,46,163,43
Chamomile,UN504,8/1/2018,90,140,110,230,109,585,158,34,102,267,56
Chamomile,UN985,5/1/2018,80,120,100,200,95,799,139,26,102,234,37
Chamomile,UN985,4/1/2018,50,70,50,120,71,950,84,22,40,155,44
Chamomile,SP702,12/1/2018,220,290,210,510,239,1260,284,66,194,523,90
Chamomile,SP702,9/1/2018,150,160,100,310,162,1059,163,45,94,325,69
Chamomile,SP702,1/1/2018,30,40,0,70,33,162,42,12,-4,75,46
Chamomile,SP775,11/1/2018,90,140,110,230,91,777,132,25,96,223,36
Chamomile,SP775,10/1/2018,60,70,20,130,57,313,70,21,16,127,54
Chamomile,SP775,8/1/2018,90,110,70,200,76,965,91,23,47,167,44
Chamomile,SP775,7/1/2018,60,90,30,150,52,433,73,47,-3,125,76
Chamomile,SP775,6/1/2018,150,-20,-70,130,123,964,-13,39,-76,110,63
Chamomile,SP775,5/1/2018,20,20,10,40,19,820,28,5,11,47,17
Chamomile,SP775,4/1/2018,40,70,40,110,49,241,72,15,33,121,39
Chamomile,SP775,3/1/2018,50,80,50,130,55,336,74,18,28,129,46
Chamomile,SP775,2/1/2018,50,90,50,140,68,9,102,22,48,170,54
Chamomile,ME319,7/1/2018,90,130,90,220,112,-120,155,34,98,267,57
Chamomile,ME563,5/1/2018,40,60,40,100,45,777,67,12,43,112,24
Chamomile,ME563,4/1/2018,220,230,150,450,239,1464,239,66,148,478,91
Chamomile,ME563,2/1/2018,50,60,20,110,54,337,67,20,13,121,54
Chamomile,ME641,12/1/2018,0,40,30,40,0,688,43,0,32,43,11
Chamomile,ME641,6/1/2018,50,70,0,120,63,37,87,57,1,150,86
Chamomile,ME641,3/1/2018,40,50,30,90,45,605,58,14,32,103,26
Chamomile,ME641,1/1/2018,20,30,0,50,29,-39,36,11,-9,65,45
Chamomile,ME712,11/1/2018,70,120,100,190,91,777,132,25,96,223,36
Chamomile,ME712,10/1/2018,90,140,110,230,81,460,117,22,84,198,33
Chamomile,ME712,9/1/2018,10,30,30,40,21,454,32,5,16,53,16
Chamomile,ME712,8/1/2018,120,-60,-190,60,125,1382,-59,113,-205,66,146
Chamomile,GE213,11/1/2018,80,90,50,170,69,965,82,21,39,151,43
Chamomile,GE408,4/1/2018,40,70,10,110,52,458,65,47,-12,117,77
Chamomile,CH503,11/1/2018,40,70,50,110,52,605,67,17,37,119,30
Chamomile,CH503,7/1/2018,50,70,40,120,55,336,74,18,28,129,46
Chamomile,CH503,5/1/2018,60,80,10,140,63,521,87,57,0,150,87
Chamomile,GE510,1/1/2018,120,160,30,280,125,729,173,113,26,298,147
Chamomile,CH541,12/1/2018,10,40,30,50,17,776,26,4,10,43,16
Chamomile,CH541,9/1/2018,10,30,20,40,19,820,28,5,11,47,17
Chamomile,CH541,3/1/2018,40,70,50,110,49,342,84,15,45,133,39
Chamomile,GE562,3/1/2018,50,80,60,130,47,821,68,13,43,115,25
Chamomile,GE626,12/1/2018,290,400,280,690,252,1316,335,83,220,587,115
Chamomile,GE626,9/1/2018,50,70,30,120,57,313,70,21,15,127,55
Chamomile,GE661,10/1/2018,40,60,10,100,44,261,63,40,-6,107,69
Chamomile,GE661,6/1/2018,90,130,30,220,95,554,132,86,17,227,115
Chamomile,GE760,5/1/2018,30,60,10,90,44,261,63,40,-6,107,69
Chamomile,GE805,7/1/2018,180,200,130,380,162,1091,163,45,93,325,70
Chamomile,GE831,8/1/2018,50,70,40,120,55,336,74,18,28,129,46
Chamomile,GE949,2/1/2018,130,150,100,280,162,1091,163,45,94,325,69
Chamomile,CH971,10/1/2018,50,70,30,120,57,313,70,21,15,127,55
Chamomile,CH971,8/1/2018,40,70,50,110,49,342,84,15,46,133,38
Chamomile,CH971,6/1/2018,40,60,30,100,49,241,72,15,34,121,38
Chamomile,CH971,4/1/2018,30,40,40,70,35,777,52,9,31,87,21
Chamomile,CH971,2/1/2018,80,130,110,210,100,822,145,28,106,245,39
Chamomile,CH971,1/1/2018,210,300,210,510,252,1316,335,83,220,587,115
Chamomile,MA435,12/1/2018,100,160,50,260,125,729,173,113,27,298,146
Chamomile,MA435,9/1/2018,40,70,50,110,52,605,67,17,38,119,29
Chamomile,MA435,7/1/2018,30,60,10,90,44,261,63,40,-6,107,69
Chamomile,MA435,6/1/2018,70,120,100,190,91,777,132,25,95,223,37
Chamomile,MA435,5/1/2018,90,160,110,250,116,962,176,38,106,292,70
Chamomile,MA435,4/1/2018,30,50,30,80,45,605,58,14,31,103,27
Chamomile,MA435,3/1/2018,10,30,20,40,19,820,28,5,12,47,16
Chamomile,MA435,2/1/2018,10,30,30,40,21,454,32,5,16,53,16
Chamomile,MA801,11/1/2018,260,310,230,570,209,969,247,64,161,456,86
Chamomile,MA801,10/1/2018,80,100,70,180,78,593,100,25,63,178,37
Chamomile,MA801,8/1/2018,50,80,60,130,46,608,60,15,33,106,27
Chamomile,MA801,1/1/2018,270,400,280,670,284,2108,428,99,276,712,152
Chamomile,RU262,4/1/2018,100,130,30,230,95,554,132,86,17,227,115
Chamomile,RU262,3/1/2018,60,430,400,490,68,-348,451,22,397,519,54
Chamomile,RU414,10/1/2018,60,80,50,140,51,311,68,16,25,119,43
Chamomile,RU715,8/1/2018,60,80,30,140,49,399,70,16,8,119,62
Chamomile,RU715,6/1/2018,350,540,400,890,284,2108,428,99,276,712,152
Chamomile,RU715,5/1/2018,110,160,110,270,116,962,176,38,107,292,69
Chamomile,RU715,2/1/2018,20,40,20,60,28,964,33,8,3,61,30
Chamomile,RU715,1/1/2018,40,50,10,90,35,197,44,13,-2,79,46
Chamomile,RU920,12/1/2018,40,60,50,100,35,776,51,9,30,86,21
Chamomile,RU920,11/1/2018,80,100,50,180,80,494,98,30,35,178,63
Chamomile,RU920,9/1/2018,200,270,170,470,191,865,265,63,156,456,109
Chamomile,RU920,7/1/2018,80,130,90,210,69,340,100,22,54,169,46
Chamomile,SI405,12/1/2018,40,70,40,110,50,372,75,16,27,125,48
Chamomile,SI405,10/1/2018,80,130,90,210,88,653,134,29,73,222,61
Chamomile,SI405,7/1/2018,60,90,50,150,50,372,75,16,27,125,48
Chamomile,SI580,9/1/2018,40,70,40,110,43,363,64,13,27,107,37
Chamomile,SI580,8/1/2018,40,60,20,100,54,337,67,20,13,121,54
Chamomile,SI580,4/1/2018,100,160,130,260,100,822,145,28,105,245,40
Chamomile,SI580,3/1/2018,30,70,40,100,46,388,68,14,31,114,37
Chamomile,SI918,11/1/2018,30,50,40,80,30,820,45,8,26,75,19
Chamomile,SI918,6/1/2018,20,50,10,70,44,261,63,40,-6,107,69
Chamomile,SI918,5/1/2018,60,90,80,150,91,777,132,25,96,223,36
Chamomile,SI918,2/1/2018,10,20,20,30,21,454,32,5,15,53,17
Chamomile,SI918,1/1/2018,40,80,60,120,47,821,68,13,43,115,25
Chamomile,BR303,12/1/2018,200,220,140,420,239,1464,239,66,148,478,91
Chamomile,BR303,8/1/2018,160,230,160,390,252,1316,335,83,219,587,116
Chamomile,BR303,7/1/2018,30,40,10,70,37,195,51,12,11,88,40
Chamomile,BR303,4/1/2018,60,110,80,170,81,460,117,22,83,198,34
Chamomile,BR719,10/1/2018,30,60,40,90,49,342,84,15,45,133,39
Chamomile,BR719,3/1/2018,20,30,20,50,19,820,28,5,12,47,16
Chamomile,BR720,6/1/2018,30,60,50,90,34,821,51,9,30,85,21
Chamomile,BR970,11/1/2018,70,120,70,190,88,653,134,29,73,222,61
Chamomile,BR970,9/1/2018,60,110,90,170,81,460,117,22,84,198,33
Chamomile,BR970,5/1/2018,70,130,80,200,68,559,102,22,48,170,54
Chamomile,BR970,2/1/2018,70,120,80,190,88,653,134,29,74,222,60
Chamomile,BR970,1/1/2018,50,70,50,120,45,605,58,14,32,103,26
Chamomile,SW214,3/1/2018,40,70,50,110,47,821,68,13,43,115,25
Chamomile,SW214,2/1/2018,240,320,220,560,252,1316,335,83,220,587,115
Chamomile,SW281,1/1/2018,150,160,100,310,162,1091,163,45,93,325,70
Chamomile,SW430,8/1/2018,40,70,40,110,51,311,68,16,24,119,44
Chamomile,SW469,12/1/2018,0,50,40,50,0,688,43,0,32,43,11
Chamomile,SW713,11/1/2018,10,30,20,40,17,776,26,4,10,43,16
Chamomile,SW713,10/1/2018,30,60,40,90,46,388,68,14,31,114,37
Chamomile,SW817,4/1/2018,50,80,60,130,45,777,67,12,44,112,23
Chamomile,SW830,9/1/2018,270,290,200,560,239,1464,239,66,149,478,90
Chamomile,SW832,6/1/2018,60,80,60,140,69,965,82,21,39,151,43
Chamomile,SW903,7/1/2018,70,120,80,190,83,433,112,27,58,195,54
Chamomile,SW915,5/1/2018,30,40,10,70,37,195,51,12,12,88,39
Colombian,UN234,8/1/2018,60,80,30,140,54,337,67,20,13,121,54
Colombian,UN419,9/1/2018,90,130,100,220,78,593,100,25,63,178,37
Colombian,UN513,7/1/2018,100,150,120,250,100,822,145,28,105,245,40
Colombian,UN513,5/1/2018,30,60,50,90,30,820,45,8,25,75,20
Colombian,UN513,4/1/2018,80,120,80,200,83,433,112,27,58,195,54
Colombian,UN513,2/1/2018,100,120,70,220,80,494,98,30,34,178,64
Colombian,UN614,12/1/2018,240,-50,-150,190,191,1564,-32,63,-141,159,109
Colombian,UN614,11/1/2018,50,80,50,130,43,363,64,13,28,107,36
Colombian,UN614,6/1/2018,20,30,20,50,21,614,28,6,9,49,19
Colombian,UN614,1/1/2018,30,40,20,70,28,964,33,8,4,61,29
Colombian,UN740,3/1/2018,60,90,70,150,49,779,72,13,48,121,24
Colombian,UN937,10/1/2018,80,90,50,170,76,965,91,23,47,167,44
Colombian,FR505,12/1/2018,130,180,130,310,123,611,178,39,116,301,62
Colombian,FR505,11/1/2018,110,170,70,280,95,554,132,86,17,227,115
Colombian,FR505,10/1/2018,100,150,100,250,112,502,155,34,98,267,57
Colombian,FR505,9/1/2018,110,50,10,160,93,840,40,28,-11,133,51
Colombian,FR505,8/1/2018,50,80,20,130,52,433,73,47,-3,125,76
Colombian,FR505,7/1/2018,50,70,40,120,63,965,75,19,34,138,41
Colombian,FR505,6/1/2018,90,150,120,240,91,777,132,25,95,223,37
Colombian,FR505,5/1/2018,50,80,10,130,63,521,87,57,1,150,86
Colombian,FR505,4/1/2018,20,30,10,50,37,195,51,12,11,88,40
Colombian,FR505,3/1/2018,50,100,70,150,88,653,134,29,73,222,61
Colombian,FR505,2/1/2018,50,80,70,130,81,460,117,22,83,198,34
Colombian,FR505,1/1/2018,220,280,160,500,260,1423,318,98,186,578,132
Colombian,IN305,4/1/2018,150,170,110,320,239,1464,239,66,149,478,90
Colombian,IN386,9/1/2018,20,30,-10,50,29,169,36,11,-9,65,45
Colombian,IN407,10/1/2018,50,90,40,140,68,559,102,22,49,170,53
Colombian,IN561,3/1/2018,30,40,20,70,46,388,68,14,30,114,38
Colombian,IN754,12/1/2018,90,140,90,230,112,502,155,34,97,267,58
Colombian,IN754,11/1/2018,30,60,40,90,46,608,60,15,32,106,28
Colombian,IN754,2/1/2018,80,130,100,210,81,460,117,22,83,198,34
Colombian,IN850,8/1/2018,20,30,20,50,21,454,32,5,16,53,16
Colombian,IN904,7/1/2018,10,30,10,40,29,169,36,11,-8,65,44
Colombian,IN904,6/1/2018,70,110,70,180,112,502,155,34,98,267,57
Colombian,IN904,5/1/2018,20,40,30,60,25,775,37,7,18,62,19
Colombian,IN954,1/1/2018,40,70,40,110,68,559,102,22,48,170,54
Colombian,IT603,12/1/2018,170,-170,-250,0,260,3049,-260,98,-365,26,131
Colombian,IT603,11/1/2018,30,30,-10,60,35,197,44,13,-2,79,46
Colombian,IT603,10/1/2018,40,60,10,100,63,521,87,57,0,150,87
Colombian,IT603,9/1/2018,0,40,30,40,0,688,43,0,32,43,11
Colombian,IT603,8/1/2018,50,80,60,130,49,779,72,13,47,121,25
Colombian,IT603,7/1/2018,40,60,30,100,43,363,64,13,27,107,37
Colombian,IT603,6/1/2018,40,70,20,110,52,433,73,47,-4,125,77
Colombian,IT603,5/1/2018,90,130,30,220,95,554,132,86,16,227,116
Colombian,IT603,4/1/2018,190,300,200,490,260,1558,378,98,247,638,131
Colombian,IT603,3/1/2018,40,60,50,100,49,779,72,13,47,121,25
Colombian,IT603,2/1/2018,40,50,20,90,54,337,67,20,13,121,54
Colombian,IT603,1/1/2018,40,70,40,110,50,372,75,16,28,125,47
Colombian,JA206,10/1/2018,30,60,40,90,46,608,60,15,32,106,28
Colombian,JA206,3/1/2018,60,70,30,130,80,494,98,30,34,178,64
Colombian,JA206,1/1/2018,170,230,170,400,209,969,247,64,162,456,85
Colombian,JA253,12/1/2018,100,160,120,260,123,611,178,39,115,301,63
Colombian,JA253,5/1/2018,160,240,160,400,191,865,265,63,156,456,109
Colombian,JA360,9/1/2018,70,100,50,170,80,494,98,30,35,178,63
Colombian,JA425,11/1/2018,70,40,10,110,93,840,40,28,-12,133,52
Colombian,JA425,7/1/2018,60,90,60,150,78,593,100,25,62,178,38
Colombian,JA425,6/1/2018,30,40,40,70,35,776,51,9,30,86,21
Colombian,JA509,8/1/2018,20,40,10,60,35,197,44,13,-3,79,47
Colombian,JA509,4/1/2018,40,50,20,90,57,313,70,21,15,127,55
Colombian,JA509,2/1/2018,20,30,10,50,28,964,33,8,3,61,30
Colombian,NE217,4/1/2018,20,40,40,60,30,820,45,8,26,75,19
Colombian,NE217,3/1/2018,40,70,40,110,55,336,74,18,29,129,45
Colombian,NE217,1/1/2018,150,-10,-70,140,209,1811,-20,64,-105,189,85
Colombian,NE309,9/1/2018,70,40,0,110,93,840,40,28,-11,133,51
Colombian,NE312,7/1/2018,50,80,60,130,76,965,91,23,46,167,45
Colombian,NE312,2/1/2018,60,90,60,150,78,593,100,25,62,178,38
Colombian,NE630,5/1/2018,100,160,110,260,123,611,178,39,115,301,63
Colombian,NE815,11/1/2018,80,130,110,210,100,822,145,28,106,245,39
Colombian,NE815,10/1/2018,50,60,40,110,69,965,82,21,39,151,43
Colombian,NE815,6/1/2018,220,330,250,550,239,1262,325,66,235,564,90
Colombian,NE847,12/1/2018,150,160,100,310,162,1091,163,45,94,325,69
Colombian,NE847,8/1/2018,20,40,0,60,29,169,36,11,-9,65,45
Colombian,GR314,9/1/2018,110,150,120,260,104,821,152,29,111,256,41
Colombian,GR314,2/1/2018,60,70,20,130,58,338,72,22,17,130,55
Colombian,GR417,8/1/2018,80,100,60,180,68,998,80,21,38,148,42
Colombian,GR573,12/1/2018,60,100,40,160,53,458,75,48,-2,128,77
Colombian,GR573,11/1/2018,160,-30,-80,130,127,1215,-21,40,-84,106,63
Colombian,GR573,6/1/2018,20,30,20,50,20,829,29,5,12,49,17
Colombian,GR573,5/1/2018,40,70,40,110,51,265,74,16,35,125,39
Colombian,GR573,4/1/2018,50,70,40,120,52,361,71,17,27,123,44
Colombian,GR573,3/1/2018,50,80,50,130,64,-161,96,21,44,160,52
Colombian,GR636,7/1/2018,90,140,100,230,114,-387,159,35,101,273,58
Colombian,GR636,1/1/2018,30,60,50,90,39,799,58,10,36,97,22
Colombian,GR816,10/1/2018,50,60,20,110,53,361,65,20,11,118,54
Colombian,UN225,11/1/2018,240,260,180,500,260,1559,261,72,165,521,96
Colombian,UN225,10/1/2018,0,40,30,40,0,645,43,0,31,43,12
Colombian,UN225,3/1/2018,50,80,10,130,64,-113,90,58,3,154,87
Colombian,UN225,1/1/2018,40,60,40,100,48,599,62,15,34,110,28
Colombian,UN318,12/1/2018,20,40,10,60,34,-104,42,12,-4,76,46
Colombian,UN318,9/1/2018,80,140,120,220,104,821,152,29,112,256,40
Colombian,UN318,7/1/2018,90,150,120,240,86,499,124,24,88,210,36
Colombian,UN318,5/1/2018,10,30,30,40,20,464,29,5,13,49,16
Colombian,UN337,6/1/2018,110,-50,-180,60,121,1673,-52,109,-195,69,143
Colombian,UN337,2/1/2018,90,110,70,200,78,995,92,24,47,170,45
Colombian,UN504,8/1/2018,50,60,0,110,53,491,61,48,-16,114,77
Colombian,UN504,4/1/2018,40,60,40,100,48,599,63,15,36,111,27
Colombian,SP702,9/1/2018,40,70,40,110,52,361,71,17,27,123,44
Colombian,SP702,8/1/2018,60,90,20,150,64,551,90,58,3,154,87
Colombian,SP702,6/1/2018,110,160,30,270,121,788,168,109,25,289,143
Colombian,SP702,5/1/2018,20,30,20,50,20,784,29,5,12,49,17
Colombian,SP702,3/1/2018,10,30,20,40,20,829,29,5,13,49,16
Colombian,SP702,1/1/2018,40,70,50,110,48,351,82,14,44,130,38
Colombian,SP775,12/1/2018,50,70,50,120,44,844,65,12,41,109,24
Colombian,SP775,11/1/2018,300,420,300,720,263,1433,349,86,230,612,119
Colombian,SP775,10/1/2018,50,70,20,120,58,338,72,22,16,130,56
Colombian,SP775,7/1/2018,40,60,10,100,43,282,61,39,-7,104,68
Colombian,SP775,4/1/2018,80,130,40,210,92,599,129,83,17,221,112
Colombian,SP775,2/1/2018,30,50,0,80,43,282,61,39,-7,104,68
Colombian,ME319,9/1/2018,170,180,120,350,149,1156,149,41,84,298,65
Colombian,ME319,2/1/2018,40,80,50,120,52,361,71,17,27,123,44
Colombian,ME515,10/1/2018,120,140,90,260,149,1156,149,41,83,298,66
Colombian,ME515,5/1/2018,50,70,20,120,58,338,72,22,17,130,55
Colombian,ME515,4/1/2018,40,70,50,110,48,351,82,14,45,130,37
Colombian,ME563,12/1/2018,40,70,40,110,51,265,74,16,34,125,40
Colombian,ME563,11/1/2018,80,140,120,220,104,871,152,29,111,256,41
Colombian,ME563,8/1/2018,20,40,40,60,30,794,45,8,26,75,19
Colombian,ME563,6/1/2018,220,310,220,530,263,1433,349,86,231,612,118
Colombian,ME641,3/1/2018,100,150,40,250,121,788,168,109,25,289,143
Colombian,ME641,1/1/2018,40,60,40,100,48,599,63,15,35,111,28
Colombian,ME712,7/1/2018,30,60,10,90,43,282,61,39,-8,104,69
Colombian,CA203,12/1/2018,80,140,120,220,104,821,152,29,112,256,40
Colombian,CA203,11/1/2018,90,150,100,240,110,1020,165,36,98,275,67
Colombian,CA203,7/1/2018,30,50,30,80,48,599,62,15,35,110,27
Colombian,CA203,4/1/2018,10,30,20,40,20,829,29,5,12,49,17
Colombian,GE209,4/1/2018,10,30,30,40,20,464,29,5,12,49,17
Colombian,GE415,2/1/2018,290,350,270,640,235,1060,277,72,183,512,94
Colombian,CA475,8/1/2018,80,110,80,190,83,584,107,27,68,190,39
Colombian,CA475,6/1/2018,50,70,50,120,43,602,56,14,30,99,26
Colombian,CA475,3/1/2018,280,430,300,710,302,2250,454,105,295,756,159
Colombian,CA475,1/1/2018,90,140,40,230,92,599,129,83,17,221,112
Colombian,CH503,12/1/2018,60,460,430,520,64,-663,487,21,434,551,53
Colombian,CH503,4/1/2018,60,80,50,140,48,334,65,15,22,113,43
Colombian,CH503,3/1/2018,60,80,30,140,48,422,68,15,8,116,60
Colombian,CH503,2/1/2018,100,160,110,260,110,1020,165,36,98,275,67
Colombian,CH503,1/1/2018,380,560,410,940,302,2250,454,105,295,756,159
Colombian,CH541,9/1/2018,30,40,20,70,31,976,37,9,7,68,30
Colombian,GE559,1/1/2018,40,60,20,100,36,212,45,13,-1,81,46
Colombian,GE626,10/1/2018,50,70,50,120,40,793,59,11,36,99,23
Colombian,GE626,9/1/2018,80,100,50,180,77,529,96,29,33,173,63
Colombian,GE650,8/1/2018,200,280,180,480,195,956,270,64,161,465,109
Colombian,GE650,5/1/2018,80,130,90,210,71,373,104,22,58,175,46
Colombian,GE707,12/1/2018,40,80,50,120,52,397,80,17,31,132,49
Colombian,GE707,7/1/2018,90,130,90,220,94,697,141,31,78,235,63
Colombian,GE707,3/1/2018,60,100,60,160,52,397,80,17,31,132,49
Colombian,GE805,6/1/2018,40,60,30,100,42,384,61,13,24,103,37
Colombian,CA860,10/1/2018,40,60,20,100,53,361,65,20,12,118,53
Colombian,CA860,9/1/2018,110,160,120,270,104,871,152,29,112,256,40
Colombian,GE951,11/1/2018,30,60,30,90,45,410,65,14,27,110,38
Colombian,CA959,5/1/2018,30,40,30,70,29,835,42,8,22,71,20
Colombian,CA959,2/1/2018,20,50,10,70,43,282,61,39,-8,104,69
Colombian,CH971,11/1/2018,40,70,50,110,44,844,65,12,42,109,23
Colombian,CH971,10/1/2018,10,20,20,30,20,464,29,5,12,49,17
Colombian,CH971,8/1/2018,60,110,100,170,104,821,152,29,111,256,41
Colombian,CH971,7/1/2018,220,230,150,450,260,1559,261,72,165,521,96
Colombian,CH971,6/1/2018,170,240,170,410,263,1433,349,86,231,612,118
Colombian,CH971,5/1/2018,30,50,20,80,39,212,53,12,14,92,39
Colombian,MA435,11/1/2018,70,110,80,180,86,499,124,24,88,210,36
Colombian,MA435,10/1/2018,30,50,30,80,48,351,82,14,44,130,38
Colombian,MA435,9/1/2018,20,30,20,50,20,829,29,5,12,49,17
Colombian,MA435,8/1/2018,30,60,40,90,36,838,53,10,32,89,21
Colombian,MA435,5/1/2018,80,120,70,200,94,697,141,31,79,235,62
Colombian,MA435,4/1/2018,70,110,90,180,86,499,124,24,88,210,36
Colombian,MA435,2/1/2018,70,110,60,180,64,593,96,21,44,160,52
Colombian,MA435,1/1/2018,80,120,80,200,94,697,141,31,79,235,62
Colombian,MA801,12/1/2018,50,70,50,120,48,599,62,15,35,110,27
Colombian,MA801,7/1/2018,40,60,40,100,44,844,65,12,42,109,23
Colombian,MA801,6/1/2018,250,330,220,580,263,1433,349,86,230,612,119
Colombian,MA801,3/1/2018,140,140,90,280,149,1156,149,41,83,298,66
Colombian,IN351,12/1/2018,40,70,40,110,48,334,65,15,22,113,43
Colombian,IN413,9/1/2018,0,50,40,50,0,645,43,0,31,43,12
Colombian,IN413,1/1/2018,10,30,20,40,20,784,29,5,13,49,16
Colombian,IN508,8/1/2018,30,60,40,90,45,410,65,14,28,110,37
Colombian,IN508,7/1/2018,40,70,50,110,39,799,58,10,36,97,22
Colombian,IN617,6/1/2018,300,310,210,610,260,1559,261,72,165,521,96
Colombian,IN774,4/1/2018,70,90,60,160,78,995,92,24,47,170,45
Colombian,IN774,2/1/2018,80,110,70,190,87,472,117,28,62,204,55
Colombian,IN857,10/1/2018,30,40,10,70,39,212,53,12,14,92,39
Colombian,IN978,11/1/2018,60,70,20,130,53,361,65,20,11,118,54
Colombian,IN978,5/1/2018,100,130,100,230,83,584,107,27,68,190,39
Colombian,IN978,3/1/2018,110,150,120,260,104,871,152,29,112,256,40
Colombian,RU262,11/1/2018,30,50,40,80,29,835,42,8,22,71,20
Colombian,RU262,7/1/2018,90,120,80,210,87,472,117,28,62,204,55
Colombian,RU262,5/1/2018,90,120,70,210,77,529,96,29,34,173,62
Colombian,RU262,3/1/2018,50,70,40,120,42,384,61,13,25,103,36
Colombian,RU262,1/1/2018,240,-40,-140,200,195,1952,-32,64,-142,163,110
Colombian,RU414,9/1/2018,20,30,20,50,22,611,30,7,11,52,19
Colombian,RU608,8/1/2018,30,50,30,80,31,976,37,9,6,68,31
Colombian,RU608,6/1/2018,60,100,80,160,53,803,77,14,52,130,25
Colombian,RU715,12/1/2018,70,80,40,150,68,998,80,21,38,148,42
Colombian,RU715,10/1/2018,130,190,140,320,127,671,185,40,122,312,63
Colombian,RU715,4/1/2018,110,160,60,270,92,599,129,83,16,221,113
Colombian,RU920,2/1/2018,100,150,100,250,114,555,159,35,100,273,59
Colombian,AU315,10/1/2018,120,50,10,170,98,973,38,30,-15,136,53
Colombian,AU347,11/1/2018,50,80,20,130,53,458,75,48,-2,128,77
Colombian,AU585,5/1/2018,40,60,30,100,56,992,66,17,27,122,39
Colombian,AU631,4/1/2018,110,160,120,270,104,821,152,29,111,256,41
Colombian,AU646,6/1/2018,50,80,10,130,64,551,90,58,2,154,88
Colombian,AU716,1/1/2018,20,40,20,60,39,212,53,12,14,92,39
Colombian,AU718,3/1/2018,50,90,80,140,86,499,124,24,89,210,35
Colombian,AU845,12/1/2018,60,90,50,150,94,697,141,31,79,235,62
Colombian,AU845,8/1/2018,220,290,170,510,265,1538,324,100,190,589,134
Colombian,AU845,7/1/2018,170,180,120,350,260,1559,261,72,164,521,97
Colombian,AU917,9/1/2018,20,40,0,60,34,182,42,12,-4,76,46
Colombian,AU917,2/1/2018,50,90,50,140,64,593,96,21,44,160,52
Colombian,SI405,12/1/2018,20,50,30,70,45,410,65,14,27,110,38
Colombian,SI405,8/1/2018,90,150,100,240,114,555,159,35,101,273,58
Colombian,SI405,4/1/2018,30,50,30,80,43,602,56,14,30,99,26
Colombian,SI580,9/1/2018,90,130,100,220,86,499,124,24,89,210,35
Colombian,SI580,7/1/2018,20,30,20,50,20,464,29,5,12,49,17
Colombian,SI580,5/1/2018,20,30,10,50,34,182,42,12,-3,76,45
Colombian,SI580,1/1/2018,70,110,70,180,114,555,159,35,101,273,58
Colombian,SI918,11/1/2018,40,60,30,100,64,593,96,21,43,160,53
Colombian,SI918,10/1/2018,20,40,30,60,23,787,34,6,17,57,17
Colombian,SI918,6/1/2018,170,-170,-250,0,265,3742,-265,100,-380,18,133
Colombian,SI918,3/1/2018,30,40,0,70,36,212,45,13,-2,81,47
Colombian,SI918,2/1/2018,40,60,10,100,64,551,90,58,2,154,88
Colombian,BR303,5/1/2018,0,40,30,40,0,645,43,0,32,43,11
Colombian,BR719,10/1/2018,50,90,70,140,53,803,77,14,52,130,25
Colombian,BR719,8/1/2018,40,60,30,100,42,384,61,13,25,103,36
Colombian,BR720,2/1/2018,40,70,10,110,53,458,75,48,-3,128,78
Colombian,BR970,12/1/2018,80,130,40,210,92,599,129,83,17,221,112
Colombian,BR970,11/1/2018,200,300,200,500,265,1613,386,100,252,651,134
Colombian,BR970,9/1/2018,40,70,60,110,53,803,77,14,51,130,26
Colombian,BR970,7/1/2018,40,50,20,90,53,361,65,20,12,118,53
Colombian,BR970,6/1/2018,40,70,40,110,52,397,80,17,32,132,48
Colombian,BR970,4/1/2018,30,50,30,80,43,602,56,14,30,99,26
Colombian,BR970,3/1/2018,50,80,40,130,77,529,96,29,33,173,63
Colombian,BR970,1/1/2018,200,250,180,450,235,1060,277,72,183,512,94
Colombian,SW210,6/1/2018,100,170,130,270,127,671,185,40,122,312,63
Colombian,SW214,9/1/2018,160,240,160,400,195,956,270,64,160,465,110
Colombian,SW409,1/1/2018,70,90,40,160,77,529,96,29,33,173,63
Colombian,SW430,7/1/2018,80,30,0,110,98,973,38,30,-15,136,53
Colombian,SW430,5/1/2018,70,90,60,160,83,584,107,27,68,190,39
Colombian,SW832,4/1/2018,30,50,50,80,40,793,59,11,36,99,23
Colombian,SW936,10/1/2018,20,40,10,60,36,212,45,13,-1,81,46
Colombian,SW940,3/1/2018,40,60,30,100,58,338,72,22,17,130,55
Colombian,SW956,11/1/2018,20,40,20,60,31,976,37,9,7,68,30
Colombian,SW972,12/1/2018,20,40,40,60,29,835,42,8,23,71,19
Colombian,SW972,2/1/2018,40,60,30,100,52,361,71,17,26,123,45
Colombian,SW979,8/1/2018,170,-20,-90,150,235,2169,-37,72,-131,198,94
Darjeeling,UN234,10/1/2018,80,30,-10,110,98,973,38,30,-15,136,53
Darjeeling,UN234,8/1/2018,70,90,60,160,83,584,107,27,67,190,40
Darjeeling,UN234,5/1/2018,50,60,40,110,68,998,80,21,38,148,42
Darjeeling,UN330,11/1/2018,100,170,120,270,127,671,185,40,121,312,64
Darjeeling,UN440,9/1/2018,80,140,120,220,104,871,152,29,112,256,40
Darjeeling,UN513,12/1/2018,50,80,50,130,78,995,92,24,47,170,45
Darjeeling,UN513,6/1/2018,240,290,210,530,260,1271,283,72,187,543,96
Darjeeling,UN513,3/1/2018,140,150,100,290,149,1156,149,41,84,298,65
Darjeeling,UN567,1/1/2018,30,40,0,70,34,182,42,12,-3,76,45
Darjeeling,UN614,2/1/2018,110,170,130,280,113,897,163,31,121,276,42
Darjeeling,UN740,7/1/2018,60,70,20,130,59,377,74,22,19,133,55
Darjeeling,UN740,4/1/2018,80,90,60,170,65,1042,77,20,36,142,41
Darjeeling,IN352,11/1/2018,170,-50,-110,120,141,1514,-45,45,-113,96,68
Darjeeling,IN352,5/1/2018,50,80,30,130,44,496,63,40,-6,107,69
Darjeeling,IN386,7/1/2018,20,40,30,60,23,843,35,6,18,58,17
Darjeeling,IN386,6/1/2018,50,80,50,130,56,302,82,17,41,138,41
Darjeeling,IN754,9/1/2018,50,70,40,120,50,397,68,16,24,118,44
Darjeeling,IN786,2/1/2018,40,70,40,110,54,-321,81,17,33,135,48
Darjeeling,IN813,12/1/2018,100,140,100,240,118,-660,164,36,105,282,59
Darjeeling,IN850,10/1/2018,30,50,40,80,36,828,53,10,31,89,22
Darjeeling,IN863,3/1/2018,240,260,180,500,260,1715,261,72,165,521,96
Darjeeling,IN904,4/1/2018,40,70,30,110,51,396,64,19,11,115,53
Darjeeling,IN941,8/1/2018,0,40,30,40,0,602,43,0,31,43,12
Darjeeling,IN954,1/1/2018,40,70,10,110,53,-267,75,48,-3,128,78
Darjeeling,IT603,12/1/2018,40,60,40,100,48,593,62,15,34,110,28
Darjeeling,IT603,11/1/2018,30,30,0,60,35,-180,43,13,-3,78,46
Darjeeling,IT603,10/1/2018,90,140,120,230,113,897,163,31,120,276,43
Darjeeling,IT603,9/1/2018,100,170,140,270,94,562,136,26,99,230,37
Darjeeling,IT603,8/1/2018,10,20,20,30,18,478,26,5,10,44,16
Darjeeling,IT603,7/1/2018,130,-60,-210,70,144,1979,-72,131,-236,72,164
Darjeeling,IT603,6/1/2018,90,110,70,200,81,1046,96,25,50,177,46
Darjeeling,IT603,5/1/2018,40,60,10,100,44,543,67,40,-3,111,70
Darjeeling,IT603,4/1/2018,40,60,40,100,48,593,63,15,35,111,28
Darjeeling,IT603,3/1/2018,130,200,50,330,144,874,201,131,36,345,165
Darjeeling,IT603,2/1/2018,40,70,40,110,50,397,68,16,24,118,44
Darjeeling,IT603,1/1/2018,50,70,10,120,53,597,75,48,-2,128,77
Darjeeling,JA206,10/1/2018,20,40,30,60,21,798,32,5,15,53,17
Darjeeling,JA206,3/1/2018,20,30,20,50,23,843,35,6,18,58,17
Darjeeling,JA253,8/1/2018,40,60,40,100,47,371,78,14,41,125,37
Darjeeling,JA253,4/1/2018,40,60,40,100,37,876,55,10,33,92,22
Darjeeling,JA360,6/1/2018,310,430,300,740,272,1616,362,89,241,634,121
Darjeeling,JA360,2/1/2018,50,70,20,120,59,377,74,22,18,133,56
Darjeeling,JA360,1/1/2018,40,80,20,120,52,313,73,47,-4,125,77
Darjeeling,JA425,11/1/2018,100,150,40,250,110,665,154,100,25,264,129
Darjeeling,JA425,9/1/2018,40,60,0,100,52,313,73,47,-3,125,76
Darjeeling,JA509,12/1/2018,170,180,120,350,149,1245,149,41,83,298,66
Darjeeling,JA509,7/1/2018,40,70,40,110,50,397,68,16,24,118,44
Darjeeling,JA509,5/1/2018,120,140,90,260,149,1245,149,41,83,298,66
Darjeeling,NE217,10/1/2018,50,80,30,130,59,377,74,22,19,133,55
Darjeeling,NE217,8/1/2018,40,70,50,110,47,371,78,14,40,125,38
Darjeeling,NE217,1/1/2018,40,80,50,120,56,302,82,17,42,138,40
Darjeeling,NE309,12/1/2018,20,40,40,60,28,816,41,7,22,69,19
Darjeeling,NE309,2/1/2018,100,160,140,260,123,947,178,34,133,301,45
Darjeeling,NE312,6/1/2018,230,320,230,550,272,1616,362,89,241,634,121
Darjeeling,NE815,9/1/2018,120,180,50,300,144,874,201,131,37,345,164
Darjeeling,NE815,7/1/2018,40,60,40,100,48,593,63,15,36,111,27
Darjeeling,NE815,4/1/2018,40,70,20,110,52,313,73,47,-4,125,77
Darjeeling,NE815,3/1/2018,90,150,130,240,113,897,163,31,121,276,42
Darjeeling,NE847,11/1/2018,70,130,90,200,92,1102,140,30,79,232,61
Darjeeling,NE847,5/1/2018,30,50,30,80,48,593,62,15,35,110,27
Darjeeling,GR314,9/1/2018,20,30,20,50,23,843,35,6,18,58,17
Darjeeling,GR314,5/1/2018,10,20,20,30,18,478,26,5,9,44,17
Darjeeling,GR314,1/1/2018,300,360,270,660,244,1213,288,75,192,532,96
Darjeeling,GR417,11/1/2018,80,110,80,190,83,574,107,27,68,190,39
Darjeeling,GR417,3/1/2018,50,70,50,120,43,597,56,14,29,99,27
Darjeeling,GR573,12/1/2018,340,500,350,840,356,2476,534,124,357,890,177
Darjeeling,GR636,10/1/2018,110,160,50,270,110,665,154,100,24,264,130
Darjeeling,GR636,7/1/2018,50,560,530,610,54,-1006,595,17,547,649,48
Darjeeling,GR636,6/1/2018,50,80,50,130,46,367,62,15,19,108,43
Darjeeling,GR636,4/1/2018,50,90,40,140,47,456,65,15,4,112,61
Darjeeling,GR816,8/1/2018,440,670,500,1110,356,2476,534,124,357,890,177
Darjeeling,GR816,2/1/2018,80,140,100,220,92,1102,140,30,79,232,61
Darjeeling,SP702,12/1/2018,30,40,20,70,32,996,38,9,8,70,30
Darjeeling,SP702,11/1/2018,40,60,20,100,36,236,46,13,0,82,46
Darjeeling,SP702,10/1/2018,50,80,60,130,43,822,64,12,40,107,24
Darjeeling,SP702,9/1/2018,80,90,40,170,76,580,93,28,31,169,62
Darjeeling,SP702,8/1/2018,210,290,190,500,200,1095,278,66,167,478,111
Darjeeling,SP702,7/1/2018,90,150,110,240,79,425,114,25,66,193,48
Darjeeling,SP702,5/1/2018,50,90,60,140,62,436,94,20,42,156,52
Darjeeling,SP702,4/1/2018,100,160,110,260,111,767,167,36,99,278,68
Darjeeling,SP702,3/1/2018,70,120,80,190,62,436,94,20,43,156,51
Darjeeling,SP775,6/1/2018,40,50,20,90,38,414,55,12,19,93,36
Darjeeling,SP775,2/1/2018,40,60,20,100,51,396,64,19,11,115,53
Darjeeling,SP775,1/1/2018,130,190,150,320,123,947,178,34,133,301,45
Darjeeling,ME319,4/1/2018,30,50,20,80,40,443,59,12,24,99,35
Darjeeling,ME515,8/1/2018,20,40,30,60,24,856,36,6,19,60,17
Darjeeling,ME515,7/1/2018,30,50,0,80,52,313,73,47,-3,125,76
Darjeeling,ME515,3/1/2018,30,60,40,90,37,876,55,10,33,92,22
Darjeeling,ME563,10/1/2018,10,10,10,20,18,478,26,5,9,44,17
Darjeeling,ME563,2/1/2018,70,110,90,180,113,897,163,31,120,276,43
Darjeeling,ME641,12/1/2018,220,230,150,450,260,1715,261,72,164,521,97
Darjeeling,ME641,9/1/2018,170,260,190,430,272,1616,362,89,241,634,121
Darjeeling,ME641,6/1/2018,30,50,20,80,41,239,55,13,14,96,41
Darjeeling,ME712,11/1/2018,80,120,90,200,94,562,136,26,99,230,37
Darjeeling,ME712,5/1/2018,30,50,30,80,47,371,78,14,41,125,37
Darjeeling,ME712,1/1/2018,20,40,30,60,23,843,35,6,17,58,18
Darjeeling,CA203,9/1/2018,40,70,50,110,43,864,62,12,38,105,24
Darjeeling,CA203,8/1/2018,90,150,90,240,111,767,167,36,99,278,68
Darjeeling,CA203,7/1/2018,80,110,90,190,94,562,136,26,99,230,37
Darjeeling,CA203,4/1/2018,60,90,50,150,54,641,81,17,33,135,48
Darjeeling,GE209,6/1/2018,90,140,90,230,111,767,167,36,99,278,68
Darjeeling,GE213,11/1/2018,50,70,50,120,48,593,62,15,34,110,28
Darjeeling,GE310,9/1/2018,30,50,40,80,37,876,55,10,34,92,21
Darjeeling,GE310,5/1/2018,260,340,230,600,272,1616,362,89,240,634,122
Darjeeling,GE415,3/1/2018,140,140,90,280,149,1245,149,41,83,298,66
Darjeeling,CA475,2/1/2018,40,60,30,100,46,367,62,15,19,108,43
Darjeeling,CA475,1/1/2018,0,50,40,50,0,602,43,0,31,43,12
Darjeeling,CH503,8/1/2018,20,30,20,50,21,798,32,5,15,53,17
Darjeeling,CH503,6/1/2018,30,50,30,80,40,443,59,12,23,99,36
Darjeeling,CH503,5/1/2018,40,60,40,100,36,828,53,10,31,89,22
Darjeeling,CH503,4/1/2018,300,310,210,610,260,1715,261,72,164,521,97
Darjeeling,CH541,11/1/2018,70,90,60,160,81,1046,96,25,49,177,47
Darjeeling,CH541,10/1/2018,80,120,80,200,91,533,121,30,63,212,58
Darjeeling,CH541,9/1/2018,30,50,20,80,41,239,55,13,14,96,41
Darjeeling,CH541,7/1/2018,50,80,30,130,51,396,64,19,12,115,52
Darjeeling,CH541,2/1/2018,100,130,100,230,83,574,107,27,68,190,39
Darjeeling,GE562,10/1/2018,130,180,140,310,123,947,178,34,132,301,46
Darjeeling,GE562,7/1/2018,30,40,30,70,24,856,36,6,19,60,17
Darjeeling,GE619,1/1/2018,90,130,90,220,91,533,121,30,63,212,58
Darjeeling,GE626,2/1/2018,90,120,70,210,76,580,93,28,32,169,61
Darjeeling,GE760,8/1/2018,40,70,40,110,38,414,55,12,20,93,35
Darjeeling,GE805,4/1/2018,250,-40,-140,210,200,2393,-31,66,-142,169,111
Darjeeling,CA860,12/1/2018,20,30,20,50,22,608,30,7,11,52,19
Darjeeling,CA860,10/1/2018,40,40,20,80,32,996,38,9,8,70,30
Darjeeling,CA860,5/1/2018,70,110,90,180,59,842,85,16,58,144,27
Darjeeling,GE916,12/1/2018,60,80,50,140,65,1042,77,20,35,142,42
Darjeeling,CA959,11/1/2018,140,220,160,360,141,764,204,45,135,345,69
Darjeeling,CA959,6/1/2018,130,200,90,330,110,665,154,100,24,264,130
Darjeeling,CA959,3/1/2018,110,150,100,260,118,636,164,36,105,282,59
Darjeeling,CH971,12/1/2018,140,30,-20,170,116,1142,25,35,-34,141,59
Darjeeling,CH971,3/1/2018,40,70,20,110,44,496,63,40,-6,107,69
Darjeeling,CH971,1/1/2018,40,60,30,100,53,1028,64,16,27,117,37
Darjeeling,MA435,12/1/2018,110,180,140,290,113,897,163,31,121,276,42
Darjeeling,MA435,11/1/2018,40,70,10,110,53,597,75,48,-2,128,77
Darjeeling,MA435,9/1/2018,20,40,20,60,41,239,55,13,14,96,41
Darjeeling,MA435,7/1/2018,70,110,70,180,111,767,167,36,100,278,67
Darjeeling,MA435,5/1/2018,60,90,80,150,94,562,136,26,98,230,38
Darjeeling,MA435,4/1/2018,230,300,180,530,271,1714,332,102,197,603,135
Darjeeling,MA435,2/1/2018,170,180,120,350,260,1715,261,72,165,521,96
Darjeeling,MA435,1/1/2018,30,30,-10,60,35,204,43,13,-3,78,46
Darjeeling,MA801,10/1/2018,40,70,30,110,54,641,81,17,33,135,48
Darjeeling,MA801,8/1/2018,20,40,20,60,40,443,59,12,24,99,35
Darjeeling,MA801,6/1/2018,100,140,90,240,118,636,164,36,105,282,59
Darjeeling,MA801,3/1/2018,30,50,30,80,43,597,56,14,29,99,27
Darjeeling,IN339,11/1/2018,90,150,120,240,94,562,136,26,99,230,37
Darjeeling,IN339,9/1/2018,10,30,20,40,18,478,26,5,10,44,16
Darjeeling,IN413,7/1/2018,20,30,10,50,35,204,43,13,-3,78,46
Darjeeling,IN508,10/1/2018,30,60,30,90,54,641,81,17,32,135,49
Darjeeling,IN508,8/1/2018,70,120,80,190,118,636,164,36,105,282,59
Darjeeling,IN508,1/1/2018,20,30,20,50,20,804,31,5,15,51,16
Darjeeling,IN617,12/1/2018,170,-170,-250,0,271,4507,-271,102,-369,37,135
Darjeeling,IN781,6/1/2018,30,40,0,70,36,236,46,13,0,82,46
Darjeeling,IN781,4/1/2018,30,50,0,80,53,597,75,48,-3,128,78
Darjeeling,IN857,5/1/2018,0,40,30,40,0,602,43,0,32,43,11
Darjeeling,IN978,3/1/2018,60,90,70,150,59,842,85,16,58,144,27
Darjeeling,IN978,2/1/2018,30,60,30,90,38,414,55,12,20,93,35
Darjeeling,RU262,12/1/2018,30,60,10,90,44,496,63,40,-7,107,70
Darjeeling,RU262,11/1/2018,100,150,40,250,110,665,154,100,25,264,129
Darjeeling,RU262,10/1/2018,200,320,220,520,271,1727,398,102,263,669,135
Darjeeling,RU262,4/1/2018,50,70,60,120,59,842,85,16,58,144,27
Darjeeling,RU414,3/1/2018,30,50,20,80,51,396,64,19,12,115,52
Darjeeling,RU608,1/1/2018,50,80,50,130,62,436,94,20,42,156,52
Darjeeling,RU920,9/1/2018,200,260,190,460,244,1213,288,75,192,532,96
Darjeeling,RU920,8/1/2018,30,50,30,80,43,597,56,14,30,99,26
Darjeeling,RU920,7/1/2018,50,80,40,130,76,580,93,28,32,169,61
Darjeeling,RU920,6/1/2018,120,180,140,300,141,764,204,45,136,345,68
Darjeeling,RU920,5/1/2018,170,250,170,420,200,1095,278,66,166,478,112
Darjeeling,RU920,2/1/2018,70,90,40,160,76,580,93,28,32,169,61
Darjeeling,AU212,7/1/2018,90,30,0,120,116,1142,25,35,-33,141,58
Darjeeling,AU347,9/1/2018,70,90,60,160,83,574,107,27,67,190,40
Darjeeling,AU347,1/1/2018,30,60,50,90,43,822,64,12,40,107,24
Darjeeling,AU516,10/1/2018,20,40,10,60,36,236,46,13,0,82,46
Darjeeling,AU516,6/1/2018,40,60,30,100,59,377,74,22,19,133,55
Darjeeling,AU518,11/1/2018,30,30,10,60,32,996,38,9,8,70,30
Darjeeling,AU518,5/1/2018,20,30,30,50,24,856,36,6,18,60,18
Darjeeling,AU585,4/1/2018,40,60,30,100,50,397,68,16,24,118,44
Darjeeling,AU631,8/1/2018,180,-30,-100,150,244,2636,-46,75,-143,198,97
Darjeeling,AU631,2/1/2018,90,30,-10,120,116,1142,25,35,-33,141,58
Darjeeling,AU716,12/1/2018,40,70,50,110,65,1042,77,20,36,142,41
Darjeeling,AU716,3/1/2018,70,90,60,160,83,574,107,27,67,190,40
Darjeeling,BR303,12/1/2018,120,180,130,300,141,764,204,45,136,345,68
Darjeeling,BR303,10/1/2018,100,160,140,260,123,947,178,34,133,301,45
Darjeeling,BR303,4/1/2018,60,70,40,130,81,1046,96,25,49,177,47
Darjeeling,BR719,11/1/2018,240,420,340,660,260,1405,415,72,318,675,97
Darjeeling,BR719,6/1/2018,140,150,100,290,149,1245,149,41,83,298,66
Darjeeling,BR719,2/1/2018,30,40,0,70,35,204,43,13,-3,78,46
Darjeeling,BR719,1/1/2018,110,150,120,260,104,952,152,29,111,256,41
Darjeeling,BR720,8/1/2018,60,70,20,130,59,403,74,22,18,133,56
Darjeeling,BR720,5/1/2018,70,90,60,160,60,1070,72,18,32,132,40
Darjeeling,BR970,9/1/2018,40,70,20,110,39,517,56,36,-10,95,66
Darjeeling,BR970,7/1/2018,190,-90,-150,100,154,1832,-67,49,-138,87,71
Darjeeling,BR970,3/1/2018,20,40,30,60,25,854,36,7,17,61,19
Decaf Espresso,UN234,3/1/2018,50,90,70,140,61,329,90,19,49,151,41
Decaf Espresso,UN419,11/1/2018,40,70,40,110,47,420,63,15,20,110,43
Decaf Espresso,UN419,6/1/2018,40,70,40,110,52,-456,79,17,30,131,49
Decaf Espresso,UN419,4/1/2018,120,160,110,280,141,-942,195,43,128,336,67
Decaf Espresso,UN513,7/1/2018,30,60,50,90,39,845,57,10,36,96,21
Decaf Espresso,UN567,9/1/2018,40,70,30,110,51,419,64,19,12,115,52
Decaf Espresso,UN614,10/1/2018,250,260,170,510,266,1819,266,74,167,532,99
Decaf Espresso,UN614,2/1/2018,0,40,30,40,0,559,43,0,32,43,11
Decaf Espresso,UN614,1/1/2018,40,50,0,90,47,-395,66,42,-6,113,72
Decaf Espresso,UN740,12/1/2018,40,70,50,110,50,587,65,16,36,115,29
Decaf Espresso,UN740,5/1/2018,30,40,10,70,40,-258,49,15,1,89,48
Decaf Espresso,UN937,8/1/2018,80,140,120,220,104,952,152,29,112,256,40
Decaf Espresso,FR505,12/1/2018,100,170,140,270,94,608,136,26,98,230,38
Decaf Espresso,FR505,11/1/2018,10,20,20,30,18,486,26,5,9,44,17
Decaf Espresso,FR505,10/1/2018,150,-80,-240,70,162,2321,-85,147,-266,77,181
Decaf Espresso,FR505,9/1/2018,90,130,90,220,86,1081,103,26,56,189,47
Decaf Espresso,FR505,8/1/2018,30,70,20,100,39,560,72,36,7,111,65
Decaf Espresso,FR505,7/1/2018,40,60,40,100,46,587,60,15,32,106,28
Decaf Espresso,FR505,6/1/2018,40,70,20,110,47,622,66,42,-5,113,71
Decaf Espresso,FR505,5/1/2018,150,220,60,370,162,943,225,147,45,387,180
Decaf Espresso,FR505,4/1/2018,40,60,30,100,47,420,63,15,20,110,43
Decaf Espresso,FR505,3/1/2018,20,30,20,50,20,808,29,5,13,49,16
Decaf Espresso,FR505,2/1/2018,20,30,20,50,25,854,36,7,17,61,19
Decaf Espresso,FR505,1/1/2018,30,50,30,80,39,380,65,12,30,104,35
Decaf Espresso,IN239,10/1/2018,40,60,40,100,35,894,52,9,32,87,20
Decaf Espresso,IN321,6/1/2018,330,470,340,800,291,1742,387,96,259,678,128
Decaf Espresso,IN407,12/1/2018,50,70,20,120,59,403,74,22,18,133,56
Decaf Espresso,IN407,2/1/2018,50,80,10,130,59,338,82,53,-1,141,83
Decaf Espresso,IN561,11/1/2018,110,180,60,290,124,717,173,112,32,297,141
Decaf Espresso,IN754,1/1/2018,50,70,0,120,59,338,82,53,-1,141,83
Decaf Espresso,IN850,8/1/2018,160,180,120,340,145,1304,146,40,81,291,65
Decaf Espresso,IN863,9/1/2018,40,60,30,100,47,420,63,15,20,110,43
Decaf Espresso,IN863,7/1/2018,120,130,80,250,145,1304,146,40,81,291,65
Decaf Espresso,IN863,5/1/2018,50,80,30,130,59,403,74,22,19,133,55
Decaf Espresso,IN904,4/1/2018,30,60,40,90,39,380,65,12,29,104,36
Decaf Espresso,IN941,3/1/2018,50,80,60,130,61,329,90,19,48,151,42
Decaf Espresso,JA206,11/1/2018,100,170,150,270,127,1007,185,35,139,312,46
Decaf Espresso,JA206,9/1/2018,20,40,40,60,30,829,44,8,24,74,20
Decaf Espresso,JA206,8/1/2018,250,340,240,590,291,1742,387,96,258,678,129
Decaf Espresso,JA206,5/1/2018,130,210,70,340,162,943,225,147,45,387,180
Decaf Espresso,JA206,4/1/2018,40,60,40,100,46,587,60,15,32,106,28
Decaf Espresso,JA206,1/1/2018,50,70,10,120,59,338,82,53,-1,141,83
Decaf Espresso,JA253,12/1/2018,80,140,120,220,104,952,152,29,111,256,41
Decaf Espresso,JA253,10/1/2018,70,120,80,190,90,1148,135,29,75,225,60
Decaf Espresso,JA253,7/1/2018,30,50,30,80,50,587,65,16,36,115,29
Decaf Espresso,JA253,6/1/2018,20,30,20,50,25,854,36,7,17,61,19
Decaf Espresso,JA425,3/1/2018,10,20,20,30,18,486,26,5,9,44,17
Decaf Espresso,JA509,2/1/2018,320,380,290,700,260,1319,307,80,206,567,101
Decaf Espresso,NE217,4/1/2018,90,110,80,200,87,564,112,28,71,199,41
Decaf Espresso,NE312,10/1/2018,50,60,40,110,41,592,53,13,28,94,25
Decaf Espresso,NE312,9/1/2018,340,520,370,860,364,2654,548,127,370,912,178
Decaf Espresso,NE312,7/1/2018,130,180,60,310,124,717,173,112,32,297,141
Decaf Espresso,NE312,6/1/2018,40,590,560,630,52,-1493,613,17,564,665,49
Decaf Espresso,NE312,2/1/2018,50,70,40,120,43,388,57,14,16,100,41
Decaf Espresso,NE630,12/1/2018,40,70,20,110,39,478,55,12,0,94,55
Decaf Espresso,NE630,5/1/2018,450,690,530,1140,364,2654,548,127,370,912,178
Decaf Espresso,NE630,1/1/2018,80,130,90,210,90,1148,135,29,75,225,60
Decaf Espresso,NE773,3/1/2018,30,40,20,70,34,1010,41,10,9,75,32
Decaf Espresso,NE847,11/1/2018,40,60,20,100,36,252,46,13,-1,82,47
Decaf Espresso,NE847,8/1/2018,50,70,50,120,40,843,59,11,36,99,23
Decaf Espresso,GR314,12/1/2018,80,90,40,170,76,613,93,28,31,169,62
Decaf Espresso,GR314,11/1/2018,250,340,230,590,238,1190,329,78,208,567,121
Decaf Espresso,GR314,7/1/2018,100,160,120,260,86,463,125,27,75,211,50
Decaf Espresso,GR417,9/1/2018,60,90,60,150,64,467,96,21,43,160,53
Decaf Espresso,GR417,8/1/2018,100,170,120,270,114,822,172,37,104,286,68
Decaf Espresso,GR573,6/1/2018,80,120,70,200,64,467,96,21,44,160,52
Decaf Espresso,GR573,4/1/2018,30,50,30,80,34,432,51,10,18,85,33
Decaf Espresso,GR573,2/1/2018,40,60,20,100,51,419,64,19,12,115,52
Decaf Espresso,GR660,10/1/2018,130,200,160,330,127,1007,185,35,138,312,47
Decaf Espresso,GR660,3/1/2018,30,40,10,70,36,462,54,11,21,90,33
Decaf Espresso,GR660,1/1/2018,20,40,30,60,23,868,34,6,16,57,18
Decaf Espresso,GR816,5/1/2018,30,60,10,90,59,338,82,53,0,141,82
Decaf Espresso,UN225,12/1/2018,60,110,100,170,104,952,152,29,112,256,40
Decaf Espresso,UN225,11/1/2018,10,10,10,20,18,486,26,5,9,44,17
Decaf Espresso,UN225,7/1/2018,30,60,50,90,35,894,52,9,32,87,20
Decaf Espresso,UN225,4/1/2018,220,240,150,460,266,1819,266,74,167,532,99
Decaf Espresso,UN318,10/1/2018,190,270,190,460,291,1742,387,96,258,678,129
Decaf Espresso,UN318,6/1/2018,30,60,30,90,44,258,59,14,17,103,42
Decaf Espresso,UN318,5/1/2018,80,120,90,200,94,608,136,26,99,230,37
Decaf Espresso,UN337,1/1/2018,20,50,30,70,39,380,65,12,29,104,36
Decaf Espresso,UN504,8/1/2018,20,40,30,60,25,854,36,7,17,61,19
Decaf Espresso,UN504,3/1/2018,40,70,50,110,45,885,65,12,41,110,24
Decaf Espresso,UN985,9/1/2018,90,160,100,250,114,822,172,37,104,286,68
Decaf Espresso,UN985,2/1/2018,80,110,90,190,94,608,136,26,98,230,38
Decaf Espresso,SP702,12/1/2018,60,90,50,150,52,668,79,17,31,131,48
Decaf Espresso,SP702,10/1/2018,90,150,100,240,114,822,172,37,103,286,69
Decaf Espresso,SP702,9/1/2018,50,80,60,130,50,587,65,16,36,115,29
Decaf Espresso,SP702,8/1/2018,30,50,40,80,35,894,52,9,31,87,21
Decaf Espresso,SP702,7/1/2018,270,380,260,650,291,1742,387,96,259,678,128
Decaf Espresso,SP702,6/1/2018,130,140,90,270,145,1304,146,40,81,291,65
Decaf Espresso,SP775,11/1/2018,40,50,20,90,43,388,57,14,16,100,41
Decaf Espresso,SP775,5/1/2018,0,50,40,50,0,559,43,0,31,43,12
Decaf Espresso,SP775,4/1/2018,10,30,20,40,20,808,29,5,12,49,17
Decaf Espresso,SP775,3/1/2018,30,40,20,70,36,462,54,11,21,90,33
Decaf Espresso,SP775,2/1/2018,40,70,50,110,39,845,57,10,35,96,22
Decaf Espresso,SP775,1/1/2018,300,320,220,620,266,1819,266,74,168,532,98
Decaf Espresso,ME319,9/1/2018,80,100,70,180,86,1081,103,26,56,189,47
Decaf Espresso,ME319,6/1/2018,90,130,80,220,97,575,130,32,71,227,59
Decaf Espresso,ME515,8/1/2018,30,50,20,80,44,258,59,14,18,103,41
Decaf Espresso,ME515,5/1/2018,50,80,30,130,51,419,64,19,11,115,53
Decaf Espresso,ME563,3/1/2018,100,140,110,240,87,564,112,28,71,199,41
Decaf Espresso,ME563,1/1/2018,130,190,150,320,127,1007,185,35,139,312,46
Decaf Espresso,ME641,12/1/2018,20,50,40,70,23,868,34,6,16,57,18
Decaf Espresso,ME641,7/1/2018,100,130,80,230,97,575,130,32,71,227,59
Decaf Espresso,ME712,11/1/2018,90,120,70,210,76,613,93,28,31,169,62
Decaf Espresso,ME712,10/1/2018,290,-40,-150,250,238,2797,-36,78,-157,202,121
Decaf Espresso,ME712,4/1/2018,40,60,40,100,34,432,51,10,18,85,33
Decaf Espresso,ME712,2/1/2018,20,30,20,50,23,605,31,7,12,54,19
Decaf Espresso,CA203,8/1/2018,40,50,30,90,34,1010,41,10,9,75,32
Decaf Espresso,CA203,7/1/2018,70,110,90,180,59,870,85,16,58,144,27
Decaf Espresso,CA203,5/1/2018,60,70,40,130,60,1070,72,18,32,132,40
Decaf Espresso,CA203,2/1/2018,160,230,170,390,154,833,222,49,150,376,72
Decaf Espresso,GE209,12/1/2018,150,220,100,370,124,717,173,112,31,297,142
Decaf Espresso,GE213,9/1/2018,130,180,130,310,141,692,195,43,129,336,66
Decaf Espresso,GE213,1/1/2018,150,60,10,210,120,1334,49,37,-11,169,60
Decaf Espresso,CA475,6/1/2018,40,50,0,90,39,517,56,36,-9,95,65
Decaf Espresso,CA475,4/1/2018,40,50,20,90,50,1051,59,15,23,109,36
Decaf Espresso,CA475,1/1/2018,110,160,120,270,104,952,152,29,111,256,41
Decaf Espresso,CH503,11/1/2018,40,50,0,90,47,622,66,42,-6,113,72
Decaf Espresso,CH503,10/1/2018,20,50,30,70,44,258,59,14,17,103,42
Decaf Espresso,CH503,8/1/2018,60,90,80,150,94,608,136,26,98,230,38
Decaf Espresso,CH503,4/1/2018,70,120,80,190,114,822,172,37,104,286,68
Decaf Espresso,CH541,9/1/2018,230,290,170,520,270,1834,332,102,197,602,135
Decaf Espresso,CH541,7/1/2018,170,190,130,360,266,1819,266,74,168,532,98
Decaf Espresso,CH541,6/1/2018,30,40,0,70,40,219,49,15,1,89,48
Decaf Espresso,CH541,5/1/2018,40,70,30,110,52,668,79,17,31,131,48
Decaf Espresso,GE562,6/1/2018,20,40,30,60,36,462,54,11,20,90,34
Decaf Espresso,GE626,5/1/2018,120,170,110,290,141,692,195,43,128,336,67
Decaf Espresso,GE650,7/1/2018,30,50,30,80,41,592,53,13,27,94,26
Decaf Espresso,GE707,11/1/2018,90,150,120,240,94,608,136,26,98,230,38
Decaf Espresso,GE707,8/1/2018,10,30,20,40,18,486,26,5,9,44,17
Decaf Espresso,GE714,10/1/2018,20,40,20,60,40,219,49,15,1,89,48
Decaf Espresso,GE831,4/1/2018,20,30,20,50,20,814,31,5,15,51,16
Decaf Espresso,CA860,11/1/2018,90,130,90,220,141,692,195,43,129,336,66
Decaf Espresso,CA860,10/1/2018,30,50,20,80,52,668,79,17,30,131,49
Decaf Espresso,CA860,9/1/2018,170,-170,-250,0,270,5230,-270,102,-378,27,135
Decaf Espresso,CA860,3/1/2018,30,40,0,70,36,252,46,13,0,82,46
Decaf Espresso,GE916,3/1/2018,30,40,0,70,47,622,66,42,-5,113,71
Decaf Espresso,GE951,2/1/2018,0,40,30,40,0,559,43,0,31,43,12
Decaf Espresso,CA959,12/1/2018,60,90,70,150,59,870,85,16,58,144,27
Decaf Espresso,CH971,12/1/2018,30,50,30,80,34,432,51,10,19,85,32
Decaf Espresso,CH971,3/1/2018,30,50,0,80,39,517,56,36,-10,95,66
Decaf Espresso,CH971,2/1/2018,110,180,60,290,124,717,173,112,32,297,141
Decaf Espresso,CH971,1/1/2018,200,410,310,610,270,1781,523,102,388,793,135
Decaf Espresso,MA435,12/1/2018,50,70,60,120,59,870,85,16,58,144,27
Decaf Espresso,MA435,11/1/2018,30,50,20,80,51,419,64,19,11,115,53
Decaf Espresso,MA435,10/1/2018,50,90,60,140,64,467,96,21,44,160,52
Decaf Espresso,MA435,9/1/2018,50,80,40,130,76,613,93,28,32,169,61
Decaf Espresso,MA435,8/1/2018,220,270,200,490,260,1319,307,80,205,567,102
Decaf Espresso,MA435,6/1/2018,30,50,30,80,41,592,53,13,27,94,26
Decaf Espresso,MA435,5/1/2018,130,200,150,330,154,833,222,49,150,376,72
Decaf Espresso,MA435,4/1/2018,200,290,200,490,238,1190,329,78,208,567,121
Decaf Espresso,MA435,3/1/2018,70,90,40,160,76,613,93,28,31,169,62
Decaf Espresso,MA435,2/1/2018,100,40,0,140,120,1334,49,37,-12,169,61
Decaf Espresso,MA435,1/1/2018,70,100,70,170,87,564,112,28,72,199,40
Decaf Espresso,MA801,7/1/2018,30,50,50,80,40,843,59,11,37,99,22
Decaf Espresso,RU262,12/1/2018,20,40,10,60,36,252,46,13,0,82,46
Decaf Espresso,RU262,8/1/2018,40,60,30,100,59,403,74,22,19,133,55
Decaf Espresso,RU262,6/1/2018,30,40,20,70,34,1010,41,10,10,75,31
Decaf Espresso,RU262,5/1/2018,10,40,40,50,23,868,34,6,16,57,18
Decaf Espresso,RU262,1/1/2018,40,50,20,90,47,420,63,15,21,110,42
Decaf Espresso,RU608,9/1/2018,190,-40,-110,150,260,3076,-62,80,-164,198,102
Decaf Espresso,RU715,11/1/2018,100,40,-10,140,120,1334,49,37,-12,169,61
Decaf Espresso,RU715,10/1/2018,40,60,40,100,60,1070,72,18,33,132,39
Decaf Espresso,RU715,4/1/2018,70,100,70,170,87,564,112,28,72,199,40
Decaf Espresso,RU715,3/1/2018,130,200,150,330,154,833,222,49,150,376,72
Decaf Espresso,RU715,2/1/2018,100,170,150,270,127,1007,185,35,139,312,46
Decaf Espresso,RU920,7/1/2018,60,80,50,140,86,1081,103,26,55,189,48
Decaf Espresso,SI405,12/1/2018,250,280,190,530,266,1355,280,74,182,546,98
Decaf Espresso,SI405,10/1/2018,130,150,100,280,145,1304,146,40,81,291,65
Decaf Espresso,SI405,8/1/2018,30,50,10,80,40,219,49,15,0,89,49
Decaf Espresso,SI405,5/1/2018,130,180,140,310,123,941,178,34,133,301,45
Decaf Espresso,SI405,2/1/2018,60,80,30,140,63,397,77,23,21,140,56
Decaf Espresso,SI405,1/1/2018,60,70,40,130,50,1064,60,15,24,110,36
Decaf Espresso,SI580,9/1/2018,190,-90,-150,100,154,2105,-67,49,-139,87,72
Decaf Espresso,SI580,7/1/2018,40,70,20,110,37,513,52,33,-11,89,63
Decaf Espresso,SI580,4/1/2018,20,40,30,60,25,851,38,7,19,63,19
Decaf Espresso,SI580,3/1/2018,50,90,70,140,61,322,90,19,48,151,42
Decaf Espresso,SI918,11/1/2018,40,70,40,110,46,415,62,15,19,108,43
Decaf Espresso,SI918,6/1/2018,40,70,40,110,52,-587,79,17,30,131,49
Decaf Espresso,BR303,11/1/2018,90,140,100,230,116,-1278,161,35,102,277,59
Decaf Espresso,BR303,10/1/2018,30,40,30,70,32,841,48,8,28,80,20
Decaf Espresso,BR303,9/1/2018,40,60,20,100,49,414,60,18,9,109,51
Decaf Espresso,BR303,7/1/2018,250,260,170,510,266,1797,266,74,167,532,99
Decaf Espresso,BR303,6/1/2018,0,40,30,40,0,516,43,0,32,43,11
Decaf Espresso,BR303,5/1/2018,30,60,10,90,44,-508,61,39,-7,105,68
Decaf Espresso,BR303,2/1/2018,20,40,30,60,30,581,39,9,17,69,22
Decaf Espresso,BR719,8/1/2018,20,30,0,50,29,-347,36,11,-8,65,44
Decaf Espresso,BR719,4/1/2018,100,150,120,250,123,941,178,34,133,301,45
Decaf Espresso,BR720,1/1/2018,110,170,130,280,100,598,145,28,105,245,40
Decaf Espresso,BR970,12/1/2018,10,20,20,30,16,484,25,4,10,41,15
Decaf Espresso,BR970,3/1/2018,160,-90,-260,70,173,2615,-95,156,-284,78,189
Decaf Espresso,SW210,11/1/2018,110,150,100,260,103,1073,123,31,70,226,53
Decaf Espresso,SW214,12/1/2018,30,70,20,100,37,540,68,33,6,105,62
Decaf Espresso,SW430,5/1/2018,70,90,60,160,77,581,99,25,62,176,37
Decaf Espresso,SW469,6/1/2018,40,60,10,100,44,617,61,39,-8,105,69
Decaf Espresso,SW512,8/1/2018,160,230,60,390,173,927,239,156,50,412,189
Decaf Espresso,SW832,7/1/2018,40,60,30,100,46,415,62,15,19,108,43
Decaf Espresso,SW915,10/1/2018,20,40,30,60,23,806,35,6,18,58,17
Decaf Espresso,SW956,4/1/2018,20,40,30,60,25,851,38,7,19,63,19
Decaf Espresso,SW956,2/1/2018,40,60,40,100,47,366,79,14,41,126,38
Decaf Espresso,SW956,1/1/2018,30,60,40,90,34,890,49,9,29,83,20
Decaf Espresso,SW972,3/1/2018,340,470,340,810,295,1714,392,97,262,687,130
Decaf Espresso,SW979,9/1/2018,60,70,20,130,63,397,77,23,20,140,57
Decaf Irish Cream,UN216,10/1/2018,60,80,10,140,63,332,88,57,1,151,87
Decaf Irish Cream,UN234,9/1/2018,120,190,60,310,133,705,184,120,35,317,149
Decaf Irish Cream,UN330,7/1/2018,50,70,0,120,63,332,88,57,2,151,86
Decaf Irish Cream,UN419,12/1/2018,160,180,120,340,145,1292,146,40,81,291,65
Decaf Irish Cream,UN440,5/1/2018,40,60,30,100,46,415,62,15,19,108,43
Decaf Irish Cream,UN513,4/1/2018,120,130,80,250,145,1292,146,40,82,291,64
Decaf Irish Cream,UN513,3/1/2018,60,70,20,130,63,397,77,23,20,140,57
Decaf Irish Cream,UN567,11/1/2018,40,70,50,110,47,366,79,14,41,126,38
Decaf Irish Cream,UN614,8/1/2018,50,80,60,130,61,322,90,19,49,151,41
Decaf Irish Cream,UN614,2/1/2018,20,30,30,50,25,826,37,7,19,62,18
Decaf Irish Cream,UN614,1/1/2018,110,170,140,280,132,994,191,36,143,323,48
Decaf Irish Cream,UN937,6/1/2018,250,350,250,600,295,1714,392,97,262,687,130
Decaf Irish Cream,FR505,12/1/2018,140,220,70,360,173,927,239,156,49,412,190
Decaf Irish Cream,FR505,11/1/2018,70,100,70,170,77,581,99,25,61,176,38
Decaf Irish Cream,FR505,10/1/2018,50,80,20,130,63,332,88,57,2,151,86
Decaf Irish Cream,FR505,9/1/2018,100,160,140,260,123,941,178,34,132,301,46
Decaf Irish Cream,FR505,8/1/2018,70,120,80,190,90,1139,135,29,75,225,60
Decaf Irish Cream,FR505,7/1/2018,20,30,20,50,30,581,39,9,18,69,21
Decaf Irish Cream,FR505,6/1/2018,20,40,30,60,25,851,38,7,19,63,19
Decaf Irish Cream,FR505,5/1/2018,10,20,20,30,16,484,25,4,9,41,16
Decaf Irish Cream,FR505,4/1/2018,390,450,340,840,311,1296,367,96,250,678,117
Decaf Irish Cream,FR505,3/1/2018,50,70,50,120,52,554,68,17,39,120,29
Decaf Irish Cream,FR505,2/1/2018,80,110,80,190,68,587,87,22,53,155,34
Decaf Irish Cream,FR505,1/1/2018,340,520,370,860,364,2617,546,127,368,910,178
Decaf Irish Cream,IN305,2/1/2018,140,190,60,330,133,705,184,120,35,317,149
Decaf Irish Cream,IN321,8/1/2018,40,590,560,630,52,-2033,612,17,563,664,49
Decaf Irish Cream,IN321,5/1/2018,50,70,40,120,42,384,56,13,15,98,41
Decaf Irish Cream,IN321,3/1/2018,50,90,40,140,47,474,67,15,8,114,59
Decaf Irish Cream,IN561,10/1/2018,450,680,520,1130,364,2617,546,127,368,910,178
Decaf Irish Cream,IN561,4/1/2018,80,130,90,210,90,1139,135,29,75,225,60
Decaf Irish Cream,IN727,7/1/2018,40,50,20,90,41,1007,49,12,15,90,34
Decaf Irish Cream,IN754,1/1/2018,40,60,20,100,38,248,48,14,1,86,47
Decaf Irish Cream,IN772,11/1/2018,60,80,60,140,48,839,70,13,46,118,24
Decaf Irish Cream,IN813,12/1/2018,70,90,40,160,72,606,88,27,27,160,61
Decaf Irish Cream,IN850,6/1/2018,200,290,190,490,196,1167,271,64,163,467,108
Decaf Irish Cream,IN954,9/1/2018,100,160,120,260,86,454,125,27,76,211,49
Decaf Irish Cream,JA206,8/1/2018,60,90,60,150,64,460,96,21,44,160,52
Decaf Irish Cream,JA206,6/1/2018,100,170,120,270,114,810,172,37,104,286,68
Decaf Irish Cream,JA206,4/1/2018,80,120,70,200,64,460,96,21,44,160,52
Decaf Irish Cream,JA206,3/1/2018,30,50,30,80,34,428,51,10,19,85,32
Decaf Irish Cream,JA206,2/1/2018,40,50,10,90,49,414,60,18,9,109,51
Decaf Irish Cream,JA253,11/1/2018,130,210,170,340,132,994,191,36,144,323,47
Decaf Irish Cream,JA253,5/1/2018,30,40,10,70,36,458,54,11,20,90,34
Decaf Irish Cream,JA360,9/1/2018,20,30,20,50,22,865,33,6,16,55,17
Decaf Irish Cream,JA360,7/1/2018,40,60,10,100,63,332,88,57,2,151,86
Decaf Irish Cream,JA425,10/1/2018,80,120,100,200,123,941,178,34,133,301,45
Decaf Irish Cream,JA509,12/1/2018,10,10,10,20,16,484,25,4,9,41,16
Decaf Irish Cream,JA509,1/1/2018,30,50,40,80,34,890,49,9,28,83,21
Decaf Irish Cream,NE217,7/1/2018,220,240,150,460,266,1797,266,74,167,532,99
Decaf Irish Cream,NE309,4/1/2018,190,270,190,460,295,1714,392,97,262,687,130
Decaf Irish Cream,NE309,1/1/2018,30,60,30,90,45,253,60,14,19,105,41
Decaf Irish Cream,NE618,5/1/2018,80,130,100,210,100,598,145,28,105,245,40
Decaf Irish Cream,NE630,12/1/2018,30,50,30,80,47,366,79,14,42,126,37
Decaf Irish Cream,NE630,8/1/2018,20,40,30,60,25,851,38,7,20,63,18
Decaf Irish Cream,NE630,6/1/2018,40,80,60,120,46,880,68,12,44,114,24
Decaf Irish Cream,NE630,3/1/2018,90,160,100,250,114,810,172,37,103,286,69
Decaf Irish Cream,NE708,9/1/2018,80,130,110,210,100,598,145,28,105,245,40
Decaf Irish Cream,NE815,11/1/2018,60,90,50,150,52,662,79,17,30,131,49
Decaf Irish Cream,NE815,10/1/2018,90,150,100,240,114,810,172,37,103,286,69
Decaf Irish Cream,NE847,2/1/2018,30,50,30,80,30,581,39,9,18,69,21
Decaf Irish Cream,GR314,11/1/2018,30,40,30,70,34,890,49,9,28,83,21
Decaf Irish Cream,GR314,9/1/2018,280,370,250,650,295,1714,392,97,262,687,130
Decaf Irish Cream,GR314,7/1/2018,130,140,90,270,145,1292,146,40,81,291,65
Decaf Irish Cream,GR314,6/1/2018,40,50,20,90,42,384,56,13,16,98,40
Decaf Irish Cream,GR573,3/1/2018,0,50,40,50,0,516,43,0,31,43,12
Decaf Irish Cream,GR573,1/1/2018,20,30,20,50,23,806,35,6,17,58,18
Decaf Irish Cream,GR660,10/1/2018,30,40,20,70,36,458,54,11,21,90,33
Decaf Irish Cream,GR660,5/1/2018,30,60,50,90,32,841,48,8,28,80,20
Decaf Irish Cream,GR660,4/1/2018,300,320,220,620,266,1797,266,74,167,532,99
Decaf Irish Cream,GR816,12/1/2018,90,120,90,210,103,1073,123,31,71,226,52
Decaf Irish Cream,GR816,8/1/2018,90,130,80,220,99,565,132,32,73,231,59
Decaf Irish Cream,GR816,2/1/2018,30,60,30,90,45,253,60,14,18,105,42
Decaf Irish Cream,UN225,12/1/2018,50,70,20,120,49,414,60,18,8,109,52
Decaf Irish Cream,UN225,10/1/2018,60,90,70,150,52,554,68,17,39,120,29
Decaf Irish Cream,UN318,7/1/2018,130,200,160,330,132,994,191,36,144,323,47
Decaf Irish Cream,UN318,6/1/2018,20,40,30,60,22,865,33,6,16,55,17
Decaf Irish Cream,UN318,5/1/2018,100,140,90,240,99,565,132,32,73,231,59
Decaf Irish Cream,UN318,4/1/2018,90,110,60,200,72,606,88,27,27,160,61
Decaf Irish Cream,UN318,3/1/2018,240,-40,-140,200,196,3139,-30,64,-137,166,107
Decaf Irish Cream,UN504,11/1/2018,40,60,40,100,34,428,51,10,19,85,32
Decaf Irish Cream,UN504,9/1/2018,10,20,10,30,14,602,18,4,1,32,17
Decaf Irish Cream,UN504,8/1/2018,50,60,30,110,41,1007,49,12,16,90,33
Decaf Irish Cream,UN504,2/1/2018,70,120,100,190,63,864,91,17,63,154,28
Decaf Irish Cream,UN985,1/1/2018,50,60,30,110,50,1064,60,15,24,110,36
Decaf Irish Cream,SP702,12/1/2018,160,230,170,390,154,817,222,49,150,376,72
Decaf Irish Cream,SP702,9/1/2018,160,230,100,390,133,705,184,120,34,317,150
Decaf Irish Cream,SP702,8/1/2018,110,150,100,260,116,678,161,35,102,277,59
Decaf Irish Cream,SP702,3/1/2018,150,20,-30,170,120,1439,19,37,-42,139,61
Decaf Irish Cream,SP702,2/1/2018,30,60,10,90,37,513,52,33,-11,89,63
Decaf Irish Cream,SP775,11/1/2018,30,50,20,80,41,1046,50,12,16,91,34
Decaf Irish Cream,SP775,10/1/2018,130,190,150,320,123,941,178,34,133,301,45
Decaf Irish Cream,SP775,7/1/2018,30,60,10,90,44,617,61,39,-7,105,68
Decaf Irish Cream,SP775,6/1/2018,20,50,30,70,45,253,60,14,19,105,41
Decaf Irish Cream,SP775,5/1/2018,70,120,80,190,114,810,172,37,104,286,68
Decaf Irish Cream,SP775,4/1/2018,60,100,90,160,100,598,145,28,105,245,40
Decaf Irish Cream,SP775,1/1/2018,240,310,180,550,284,1809,348,107,207,632,141
Decaf Irish Cream,ME319,12/1/2018,170,190,130,360,266,1797,266,74,167,532,99
Decaf Irish Cream,ME319,4/1/2018,20,30,-10,50,29,215,36,11,-9,65,45
Decaf Irish Cream,ME515,5/1/2018,40,70,30,110,52,662,79,17,30,131,49
Decaf Irish Cream,ME563,9/1/2018,20,40,30,60,36,458,54,11,20,90,34
Decaf Irish Cream,ME563,3/1/2018,90,150,100,240,116,678,161,35,103,277,58
Decaf Irish Cream,ME641,11/1/2018,50,80,50,130,68,587,87,22,53,155,34
Decaf Irish Cream,ME641,10/1/2018,100,160,130,260,100,598,145,28,105,245,40
Decaf Irish Cream,ME641,8/1/2018,10,30,20,40,16,484,25,4,9,41,16
Decaf Irish Cream,ME712,7/1/2018,10,30,10,40,29,215,36,11,-9,65,45
Decaf Irish Cream,ME712,6/1/2018,20,30,20,50,19,811,28,5,12,47,16
Decaf Irish Cream,ME712,2/1/2018,30,50,20,80,52,662,79,17,30,131,49
Decaf Irish Cream,ME712,1/1/2018,70,110,70,180,116,678,161,35,102,277,59
Decaf Irish Cream,GE415,6/1/2018,180,-180,-260,0,284,5807,-284,107,-404,21,141
Decaf Irish Cream,CH503,12/1/2018,30,40,0,70,38,248,48,14,1,86,47
Decaf Irish Cream,CH503,11/1/2018,20,50,10,70,44,617,61,39,-8,105,69
Decaf Irish Cream,CH503,7/1/2018,0,40,30,40,0,516,43,0,31,43,12
Decaf Irish Cream,CH503,4/1/2018,60,100,80,160,63,864,91,17,63,154,28
Decaf Irish Cream,CH503,3/1/2018,30,50,30,80,34,428,51,10,19,85,32
Decaf Irish Cream,CH541,8/1/2018,30,40,0,70,37,513,52,33,-10,89,62
Decaf Irish Cream,CH541,6/1/2018,120,190,60,310,133,705,184,120,34,317,150
Decaf Irish Cream,GE626,8/1/2018,210,290,180,500,284,1565,369,107,229,653,140
Decaf Irish Cream,GE650,3/1/2018,50,80,70,130,63,864,91,17,63,154,28
Decaf Irish Cream,GE650,1/1/2018,30,50,20,80,49,414,60,18,9,109,51
Decaf Irish Cream,GE707,7/1/2018,50,90,60,140,64,460,96,21,44,160,52
Decaf Irish Cream,GE714,12/1/2018,260,330,240,590,311,1296,367,96,249,678,118
Decaf Irish Cream,GE714,5/1/2018,50,70,30,120,72,606,88,27,28,160,60
Decaf Irish Cream,GE818,2/1/2018,50,80,60,130,68,587,87,22,53,155,34
Decaf Irish Cream,GE909,11/1/2018,130,200,150,330,154,817,222,49,151,376,71
Decaf Irish Cream,GE909,9/1/2018,160,250,170,410,196,1167,271,64,163,467,108
Decaf Irish Cream,GE916,4/1/2018,60,90,40,150,72,606,88,27,28,160,60
Decaf Irish Cream,GE951,10/1/2018,100,20,-20,120,120,1439,19,37,-41,139,60
Decaf Irish Cream,CH971,10/1/2018,40,60,40,100,52,554,68,17,39,120,29
Decaf Irish Cream,CH971,9/1/2018,40,60,50,100,48,839,70,13,45,118,25
Decaf Irish Cream,CH971,5/1/2018,20,40,10,60,38,248,48,14,1,86,47
Decaf Irish Cream,CH971,2/1/2018,40,60,30,100,63,397,77,23,20,140,57
Decaf Irish Cream,CH971,1/1/2018,30,50,20,80,41,1007,49,12,15,90,34
Decaf Irish Cream,MA435,12/1/2018,10,30,30,40,22,865,33,6,16,55,17
Decaf Irish Cream,MA435,10/1/2018,30,60,30,90,46,415,62,15,20,108,42
Decaf Irish Cream,MA435,8/1/2018,230,-140,-230,90,311,3422,-187,96,-304,124,117
Decaf Irish Cream,MA435,7/1/2018,100,20,-30,120,120,1439,19,37,-41,139,60
Decaf Irish Cream,MA435,6/1/2018,30,50,30,80,50,1064,60,15,24,110,36
Decaf Irish Cream,MA435,5/1/2018,40,60,40,100,52,554,68,17,38,120,30
Decaf Irish Cream,MA435,4/1/2018,130,200,150,330,154,817,222,49,150,376,72
Decaf Irish Cream,MA435,3/1/2018,110,170,140,280,132,994,191,36,143,323,48
Decaf Irish Cream,MA435,2/1/2018,70,100,70,170,103,1073,123,31,70,226,53
Decaf Irish Cream,MA801,11/1/2018,250,280,190,530,266,1319,277,74,179,543,98
Decaf Irish Cream,MA801,9/1/2018,130,150,100,280,145,1292,146,40,82,291,64
Decaf Irish Cream,MA801,1/1/2018,20,40,0,60,29,215,36,11,-9,65,45
Decaf Irish Cream,RU262,11/1/2018,130,180,140,310,123,928,179,34,134,302,45
Decaf Irish Cream,RU262,9/1/2018,70,80,30,150,67,391,82,25,23,149,59
Decaf Irish Cream,RU414,8/1/2018,70,100,70,170,62,1059,74,19,33,136,41
Decaf Irish Cream,RU414,4/1/2018,150,-20,-70,130,122,2378,-13,39,-74,109,61
Decaf Irish Cream,RU414,3/1/2018,60,90,30,150,52,509,74,47,-3,126,77
Decaf Irish Cream,RU414,2/1/2018,20,30,20,50,19,848,29,5,13,48,16
Decaf Irish Cream,RU414,1/1/2018,40,70,50,110,49,315,71,15,33,120,38
Decaf Irish Cream,RU715,12/1/2018,50,80,50,130,53,410,72,17,28,125,44
Decaf Irish Cream,RU715,10/1/2018,50,70,40,120,60,-718,90,19,39,150,51
Decaf Irish Cream,RU715,5/1/2018,80,110,80,190,96,-1555,134,29,82,230,52
Decaf Irish Cream,RU920,7/1/2018,30,40,30,70,32,837,47,8,27,79,20
Decaf Irish Cream,RU920,6/1/2018,230,240,160,470,249,1775,249,69,156,498,93
Decaf Irish Cream,SI405,8/1/2018,40,50,10,90,45,409,57,17,6,102,51
Decaf Irish Cream,SI405,7/1/2018,0,40,30,40,0,473,43,0,32,43,11
Decaf Irish Cream,SI405,6/1/2018,50,70,0,120,62,-613,87,56,2,149,85
Decaf Irish Cream,SI405,5/1/2018,30,40,30,70,33,577,43,10,21,76,22
Decaf Irish Cream,SI405,4/1/2018,20,20,0,40,24,-412,30,9,-12,54,42
Decaf Irish Cream,SI405,3/1/2018,100,150,120,250,123,928,179,34,134,302,45
Decaf Irish Cream,SI405,2/1/2018,90,140,110,230,81,588,118,22,84,199,34
Decaf Irish Cream,SI580,12/1/2018,10,30,30,40,20,482,30,5,13,50,17
Decaf Irish Cream,SI580,11/1/2018,110,-50,-180,60,121,2932,-53,110,-197,68,144
Decaf Irish Cream,SI580,9/1/2018,90,120,80,210,83,1063,99,25,53,182,46
Decaf Irish Cream,SI580,1/1/2018,40,50,-10,90,52,520,46,47,-31,98,77
Decaf Irish Cream,SI918,10/1/2018,60,90,60,150,69,572,90,22,56,159,34
Decaf Irish Cream,BR303,4/1/2018,50,90,20,140,62,612,87,56,2,149,85
Decaf Irish Cream,BR719,10/1/2018,110,160,30,270,121,910,169,110,26,290,143
Decaf Irish Cream,BR719,8/1/2018,50,70,40,120,53,410,72,17,28,125,44
Decaf Irish Cream,BR719,6/1/2018,20,40,30,60,23,803,35,6,18,58,17
Decaf Irish Cream,BR719,2/1/2018,10,30,20,40,19,848,29,5,12,48,17
Decaf Irish Cream,BR720,12/1/2018,40,80,60,120,57,349,94,17,53,151,41
Decaf Irish Cream,BR720,5/1/2018,50,70,50,120,44,886,64,12,41,108,23
Decaf Irish Cream,BR720,3/1/2018,290,400,280,690,253,1686,336,83,220,589,116
Decaf Irish Cream,BR970,11/1/2018,60,80,30,140,67,391,82,25,23,149,59
Decaf Irish Cream,BR970,9/1/2018,40,60,10,100,44,325,62,40,-7,106,69
Decaf Irish Cream,BR970,7/1/2018,80,130,40,210,93,692,130,84,17,223,113
Decaf Irish Cream,BR970,1/1/2018,30,60,10,90,44,325,62,40,-8,106,70
Decaf Irish Cream,SW214,10/1/2018,170,190,130,360,155,1280,155,43,87,310,68
Decaf Irish Cream,SW214,3/1/2018,50,70,40,120,53,410,72,17,27,125,45
Decaf Irish Cream,SW325,9/1/2018,130,140,90,270,155,1280,155,43,87,310,68
Decaf Irish Cream,SW325,7/1/2018,60,80,30,140,67,391,82,25,24,149,58
Decaf Irish Cream,SW325,1/1/2018,40,90,70,130,57,349,94,17,53,151,41
Decaf Irish Cream,SW432,2/1/2018,40,60,40,100,49,315,71,15,34,120,37
Decaf Irish Cream,SW682,12/1/2018,80,130,110,210,100,981,145,28,105,245,40
Decaf Irish Cream,SW682,8/1/2018,20,30,30,50,25,823,36,7,17,61,19
Decaf Irish Cream,SW806,6/1/2018,210,300,210,510,253,1686,336,83,220,589,116
Decaf Irish Cream,SW903,4/1/2018,100,150,40,250,121,910,169,110,26,290,143
Decaf Irish Cream,SW915,11/1/2018,60,90,60,150,69,572,90,22,55,159,35
Decaf Irish Cream,SW956,5/1/2018,30,60,10,90,44,325,62,40,-7,106,69
Earl Grey,UN216,1/1/2018,100,160,140,260,123,928,179,34,133,302,46
Earl Grey,UN330,8/1/2018,80,140,100,220,103,1130,155,33,91,258,64
Earl Grey,UN419,11/1/2018,20,30,20,50,33,577,43,10,21,76,22
Earl Grey,UN513,9/1/2018,10,30,20,40,19,848,29,5,13,48,16
Earl Grey,UN513,7/1/2018,10,30,30,40,20,482,30,5,14,50,16
Earl Grey,UN513,5/1/2018,310,370,280,680,251,1268,295,77,197,546,98
Earl Grey,UN513,3/1/2018,60,70,50,130,58,548,74,19,42,132,32
Earl Grey,UN513,2/1/2018,70,100,80,170,61,579,79,20,47,140,32
Earl Grey,UN614,10/1/2018,300,450,320,750,316,2580,474,110,312,790,162
Earl Grey,UN740,12/1/2018,90,140,40,230,93,692,130,84,16,223,114
Earl Grey,UN937,6/1/2018,50,490,460,540,60,-2572,516,19,465,576,51
Earl Grey,UN937,4/1/2018,60,80,50,140,48,380,65,15,22,113,43
Earl Grey,JA206,11/1/2018,90,150,110,240,103,1130,155,33,91,258,64
Earl Grey,JA206,8/1/2018,390,590,450,980,316,2580,474,110,313,790,161
Earl Grey,JA206,6/1/2018,70,100,50,170,57,469,80,18,18,137,62
Earl Grey,JA206,2/1/2018,30,40,20,70,33,1003,39,10,7,72,32
Earl Grey,JA253,4/1/2018,50,60,20,110,40,244,51,15,2,91,49
Earl Grey,JA253,3/1/2018,60,80,60,140,48,834,71,13,46,119,25
Earl Grey,JA253,1/1/2018,70,80,30,150,67,599,83,25,25,150,58
Earl Grey,JA360,10/1/2018,170,230,140,400,162,1148,225,53,129,387,96
Earl Grey,JA360,9/1/2018,80,120,80,200,68,445,99,21,56,167,43
Earl Grey,JA360,5/1/2018,50,80,50,130,55,453,84,18,34,139,50
Earl Grey,JA509,12/1/2018,90,140,100,230,99,798,150,32,86,249,64
Earl Grey,JA509,7/1/2018,60,110,70,170,55,453,84,18,34,139,50
Earl Grey,NE312,6/1/2018,40,70,40,110,43,424,64,13,29,107,35
Earl Grey,NE618,8/1/2018,30,50,10,80,45,409,57,17,7,102,50
Earl Grey,NE630,12/1/2018,100,160,130,260,100,981,145,28,106,245,39
Earl Grey,NE630,11/1/2018,30,60,30,90,46,454,67,14,31,113,36
Earl Grey,NE630,4/1/2018,30,40,30,70,29,862,43,8,23,72,20
Earl Grey,NE630,2/1/2018,20,50,10,70,44,325,62,40,-7,106,69
Earl Grey,NE708,1/1/2018,10,20,20,30,20,482,30,5,13,50,17
Earl Grey,NE773,9/1/2018,80,120,100,200,123,928,179,34,134,302,45
Earl Grey,NE773,3/1/2018,40,70,50,110,44,886,64,12,41,108,23
Earl Grey,NE815,7/1/2018,210,220,140,430,249,1775,249,69,155,498,94
Earl Grey,NE815,5/1/2018,160,240,170,400,253,1686,336,83,221,589,115
Earl Grey,NE847,10/1/2018,30,50,20,80,39,248,52,12,13,91,39
Earl Grey,GR314,9/1/2018,60,110,80,170,81,588,118,22,84,199,34
Earl Grey,GR314,5/1/2018,30,70,40,100,57,349,94,17,54,151,40
Earl Grey,GR314,4/1/2018,20,30,20,50,19,848,29,5,12,48,17
Earl Grey,GR314,2/1/2018,30,60,50,90,35,875,52,9,32,87,20
Earl Grey,GR417,10/1/2018,80,130,70,210,99,798,150,32,87,249,63
Earl Grey,GR417,3/1/2018,60,110,90,170,81,588,118,22,85,199,33
Earl Grey,GR573,12/1/2018,60,110,60,170,60,656,90,19,39,150,51
Earl Grey,GR573,6/1/2018,80,130,80,210,99,798,150,32,87,249,63
Earl Grey,GR573,1/1/2018,30,50,30,80,33,577,43,10,21,76,22
Earl Grey,GR636,11/1/2018,40,60,40,100,44,886,64,12,40,108,24
Earl Grey,GR660,8/1/2018,40,70,40,110,48,380,65,15,23,113,42
Earl Grey,GR816,7/1/2018,140,150,90,290,155,1280,155,43,87,310,68
Earl Grey,SP702,12/1/2018,240,320,220,560,253,1686,336,83,220,589,116
Earl Grey,SP702,11/1/2018,0,50,40,50,0,473,43,0,32,43,11
Earl Grey,SP702,9/1/2018,20,30,20,50,23,803,35,6,17,58,18
Earl Grey,SP702,6/1/2018,30,60,40,90,46,454,67,14,31,113,36
Earl Grey,SP702,3/1/2018,30,60,50,90,32,837,47,8,27,79,20
Earl Grey,SP702,2/1/2018,280,300,210,580,249,1775,249,69,155,498,94
Earl Grey,SP775,10/1/2018,70,100,70,170,83,1063,99,25,53,182,46
Earl Grey,SP775,8/1/2018,80,110,70,190,85,555,114,28,58,199,56
Earl Grey,SP775,7/1/2018,30,40,10,70,39,248,52,12,13,91,39
Earl Grey,SP775,5/1/2018,50,70,30,120,45,409,57,17,6,102,51
Earl Grey,SP775,4/1/2018,70,90,70,160,58,548,74,19,42,132,32
Earl Grey,SP775,1/1/2018,100,150,120,250,100,981,145,28,106,245,39
Earl Grey,ME319,11/1/2018,30,60,50,90,29,862,43,8,23,72,20
Earl Grey,ME319,7/1/2018,90,110,70,200,85,555,114,28,58,199,56
Earl Grey,ME319,1/1/2018,80,100,50,180,67,599,83,25,24,150,59
Earl Grey,ME515,8/1/2018,50,80,50,130,43,424,64,13,28,107,36
Earl Grey,ME515,4/1/2018,200,-30,-120,170,162,3421,-24,53,-120,138,96
Earl Grey,ME515,3/1/2018,10,20,10,30,15,600,20,4,3,35,17
Earl Grey,ME515,2/1/2018,40,50,30,90,33,1003,39,10,7,72,32
Earl Grey,ME563,10/1/2018,60,90,70,150,51,857,75,14,50,126,25
Earl Grey,ME563,6/1/2018,60,80,50,140,62,1059,74,19,34,136,40
Earl Grey,ME563,5/1/2018,120,190,140,310,122,801,176,39,115,298,61
Earl Grey,ME641,12/1/2018,110,160,60,270,93,692,130,84,16,223,114
Earl Grey,ME712,9/1/2018,90,120,80,210,96,666,134,29,81,230,53
Earl Grey,GE209,10/1/2018,130,10,-40,140,104,1574,11,32,-44,115,55
Earl Grey,GE310,8/1/2018,50,80,20,130,52,509,74,47,-3,126,77
Earl Grey,GE415,6/1/2018,40,50,20,90,51,1042,62,15,25,113,37
Earl Grey,CH503,7/1/2018,130,190,150,320,123,928,179,34,133,302,46
Earl Grey,CH503,6/1/2018,50,80,10,130,62,612,87,56,2,149,85
Earl Grey,CH503,5/1/2018,20,40,20,60,39,248,52,12,12,91,40
Earl Grey,CH503,3/1/2018,50,80,70,130,81,588,118,22,84,199,34
Earl Grey,CH503,1/1/2018,60,100,60,160,99,798,150,32,87,249,63
Earl Grey,GE530,5/1/2018,250,340,210,590,302,1783,370,114,223,672,147
Earl Grey,GE530,4/1/2018,160,170,110,330,249,1775,249,69,156,498,93
Earl Grey,CH541,9/1/2018,20,20,-10,40,24,212,30,9,-12,54,42
Earl Grey,CH541,4/1/2018,50,80,40,130,60,656,90,19,40,150,50
Earl Grey,GE619,12/1/2018,30,40,30,70,46,454,67,14,31,113,36
Earl Grey,GE650,11/1/2018,80,120,80,200,96,666,134,29,81,230,53
Earl Grey,GE650,1/1/2018,50,70,50,120,61,579,79,20,47,140,32
Earl Grey,GE714,9/1/2018,80,130,100,210,81,588,118,22,84,199,34
Earl Grey,GE831,7/1/2018,20,30,20,50,20,482,30,5,13,50,17
Earl Grey,GE858,2/1/2018,10,20,0,30,24,212,30,9,-13,54,43
Earl Grey,GE951,3/1/2018,20,40,30,60,23,809,34,6,17,57,17
Earl Grey,CH971,12/1/2018,30,70,40,100,60,656,90,19,39,150,51
Earl Grey,CH971,11/1/2018,60,90,60,150,96,666,134,29,81,230,53
Earl Grey,CH971,10/1/2018,190,-190,-280,0,302,6413,-302,114,-430,19,147
Earl Grey,CH971,8/1/2018,30,50,10,80,40,244,51,15,2,91,49
Earl Grey,CH971,2/1/2018,40,60,10,100,62,612,87,56,2,149,85
Earl Grey,MA435,11/1/2018,0,40,30,40,0,473,43,0,31,43,12
Earl Grey,MA435,10/1/2018,50,80,60,130,51,857,75,14,49,126,26
Earl Grey,MA435,8/1/2018,40,60,30,100,43,424,64,13,28,107,36
Earl Grey,MA435,7/1/2018,40,70,20,110,52,509,74,47,-2,126,76
Earl Grey,MA435,5/1/2018,80,130,40,210,93,692,130,84,16,223,114
Earl Grey,MA435,4/1/2018,220,200,90,420,302,1518,239,114,92,541,147
Earl Grey,MA435,3/1/2018,40,70,60,110,51,857,75,14,50,126,25
Earl Grey,MA435,2/1/2018,30,40,10,70,45,409,57,17,6,102,51
Earl Grey,MA435,1/1/2018,40,80,50,120,55,453,84,18,34,139,50
Earl Grey,MA801,12/1/2018,50,70,50,120,61,579,79,20,47,140,32
Earl Grey,MA801,9/1/2018,50,60,20,110,67,599,83,25,24,150,59
Earl Grey,MA801,6/1/2018,210,270,200,480,251,1268,295,77,196,546,99
Earl Grey,RU262,5/1/2018,100,160,120,260,122,801,176,39,115,298,61
Earl Grey,RU262,1/1/2018,130,210,140,340,162,1148,225,53,129,387,96
Earl Grey,RU414,4/1/2018,60,80,30,140,67,599,83,25,25,150,58
Earl Grey,RU414,2/1/2018,80,20,-10,100,104,1574,11,32,-44,115,55
Earl Grey,RU608,7/1/2018,40,70,50,110,58,548,74,19,43,132,31
Earl Grey,RU715,11/1/2018,40,60,50,100,48,834,71,13,47,119,24
Earl Grey,RU715,10/1/2018,30,40,10,70,40,244,51,15,2,91,49
Earl Grey,RU715,9/1/2018,50,60,20,110,67,391,82,25,24,149,58
Earl Grey,RU715,8/1/2018,30,40,20,70,33,1003,39,10,8,72,31
Earl Grey,RU715,6/1/2018,20,40,40,60,29,862,43,8,23,72,20
Earl Grey,RU920,12/1/2018,40,70,40,110,53,410,72,17,27,125,45
Earl Grey,RU920,3/1/2018,190,-110,-180,80,251,3948,-139,77,-238,112,99
Earl Grey,AU315,11/1/2018,80,20,-20,100,104,1574,11,32,-45,115,56
Earl Grey,AU315,3/1/2018,40,70,50,110,58,548,74,19,43,132,31
Earl Grey,AU518,9/1/2018,40,60,40,100,62,1059,74,19,33,136,41
Earl Grey,AU518,7/1/2018,100,160,120,260,122,801,176,39,115,298,61
Earl Grey,AU518,2/1/2018,80,130,110,210,100,981,145,28,106,245,39
Earl Grey,AU631,4/1/2018,60,80,50,140,83,1063,99,25,53,182,46
Earl Grey,AU646,1/1/2018,230,320,240,550,249,1286,318,69,224,567,94
Earl Grey,AU716,10/1/2018,140,160,100,300,155,1280,155,43,87,310,68
Earl Grey,AU716,5/1/2018,20,30,0,50,24,212,30,9,-12,54,42
Earl Grey,AU718,12/1/2018,120,180,160,300,123,915,179,34,133,302,46
Earl Grey,AU845,6/1/2018,40,80,50,120,56,385,70,21,15,126,55
Earl Grey,AU914,8/1/2018,90,110,90,200,65,1053,77,20,36,142,41
Earl Grey,BR303,12/1/2018,70,100,50,170,51,503,71,46,-5,122,76
Earl Grey,BR303,10/1/2018,170,-20,-60,150,122,2555,-13,39,-74,109,61
Earl Grey,BR303,5/1/2018,10,30,30,40,21,846,31,5,15,52,16
Earl Grey,BR303,3/1/2018,30,60,60,90,49,310,71,15,33,120,38
Earl Grey,BR303,1/1/2018,40,70,60,110,52,405,71,17,26,123,45
Earl Grey,BR719,11/1/2018,40,70,50,110,72,-868,110,23,55,182,55
Earl Grey,BR719,4/1/2018,50,80,70,130,91,-1785,127,28,76,218,51
Earl Grey,BR720,9/1/2018,20,40,40,60,32,833,47,8,28,79,19
Earl Grey,BR720,7/1/2018,210,220,160,430,239,1755,239,66,149,478,90
Earl Grey,BR720,2/1/2018,40,60,40,100,54,404,66,20,12,120,54
Earl Grey,BR970,8/1/2018,0,30,30,30,0,430,43,0,32,43,11
Earl Grey,BR970,6/1/2018,30,60,10,90,60,-762,84,54,1,144,83
Green Tea,IN239,5/1/2018,10,20,20,30,22,573,29,7,10,51,19
Green Tea,IN407,6/1/2018,10,20,10,30,25,-466,31,9,-12,56,43
Green Tea,IN561,11/1/2018,70,120,100,190,123,915,179,34,133,302,46
Green Tea,IN727,2/1/2018,100,180,170,280,76,580,111,21,79,187,32
Green Tea,IN754,4/1/2018,0,30,30,30,21,480,32,5,15,53,17
Green Tea,IN754,1/1/2018,110,-60,-170,50,125,3142,-56,113,-202,69,146
Green Tea,IN813,3/1/2018,110,140,120,250,80,1055,94,24,48,174,46
Green Tea,IN863,12/1/2018,30,70,30,100,51,542,65,46,-11,116,76
Green Tea,IN863,10/1/2018,80,130,110,210,103,564,133,33,87,236,46
Green Tea,IN904,9/1/2018,30,70,60,100,52,405,71,17,27,123,44
Green Tea,IN904,8/1/2018,110,160,50,270,125,898,173,113,27,298,146
Green Tea,IN954,7/1/2018,40,90,40,130,60,606,84,54,1,144,83
Green Tea,IT603,12/1/2018,20,50,50,70,23,800,35,6,18,58,17
Green Tea,IT603,11/1/2018,10,20,20,30,21,846,31,5,14,52,17
Green Tea,IT603,10/1/2018,30,70,70,100,60,329,99,18,58,159,41
Green Tea,IT603,9/1/2018,50,90,90,140,40,881,59,11,36,99,23
Green Tea,IT603,8/1/2018,370,520,420,890,257,1662,341,84,224,598,117
Green Tea,IT603,7/1/2018,40,70,50,110,56,385,70,21,16,126,54
Green Tea,IT603,6/1/2018,30,60,30,90,45,320,64,41,-7,109,71
Green Tea,IT603,5/1/2018,80,130,50,210,96,683,134,87,18,230,116
Green Tea,IT603,4/1/2018,20,40,10,60,45,320,64,41,-6,109,70
Green Tea,IT603,3/1/2018,230,240,190,470,161,1267,161,45,92,322,69
Green Tea,IT603,2/1/2018,30,80,70,110,52,405,71,17,26,123,45
Green Tea,IT603,1/1/2018,120,140,110,260,161,1267,161,45,92,322,69
Green Tea,JA206,11/1/2018,40,70,50,110,56,385,70,21,16,126,54
Green Tea,JA206,10/1/2018,40,80,80,120,60,329,99,18,57,159,42
Green Tea,JA206,8/1/2018,30,60,60,90,49,310,71,15,33,120,38
Green Tea,JA206,3/1/2018,10,30,30,40,25,820,36,7,17,61,19
Green Tea,JA253,7/1/2018,80,130,120,210,108,971,157,30,115,265,42
Green Tea,JA253,4/1/2018,200,280,210,480,257,1662,341,84,224,598,117
Green Tea,JA253,2/1/2018,90,150,60,240,125,898,173,113,26,298,147
Green Tea,JA360,12/1/2018,80,130,110,210,103,564,133,33,87,236,46
Green Tea,JA360,6/1/2018,20,60,30,80,45,320,64,41,-6,109,70
Green Tea,JA360,1/1/2018,90,150,140,240,123,915,179,34,133,302,46
Green Tea,JA425,9/1/2018,90,160,130,250,125,1119,188,41,115,313,73
Green Tea,JA425,5/1/2018,0,20,20,20,22,573,29,7,10,51,19
Green Tea,GR314,11/1/2018,10,30,30,40,21,846,31,5,14,52,17
Green Tea,GR314,10/1/2018,0,30,30,30,21,480,32,5,16,53,16
Green Tea,GR417,8/1/2018,350,420,340,770,239,1246,281,74,185,520,96
Green Tea,GR417,1/1/2018,30,50,50,80,39,541,51,12,27,90,24
Green Tea,GR573,9/1/2018,130,160,140,290,90,572,115,29,74,205,41
Green Tea,GR573,6/1/2018,210,330,230,540,260,2548,390,91,247,650,143
Green Tea,GR573,5/1/2018,90,140,60,230,96,683,134,87,18,230,116
Green Tea,GR573,4/1/2018,50,350,330,400,72,-3004,402,23,348,474,54
Green Tea,GR573,3/1/2018,50,100,80,150,47,375,64,15,22,111,42
Green Tea,GR573,2/1/2018,80,130,90,210,60,463,84,19,21,144,63
Green Tea,GR636,12/1/2018,100,160,130,260,125,1119,188,41,115,313,73
Green Tea,GR816,7/1/2018,380,580,470,960,260,2548,390,91,247,650,143
Green Tea,SP702,11/1/2018,20,40,30,60,31,1000,37,9,7,68,30
Green Tea,SP702,10/1/2018,40,60,30,100,34,240,43,12,-2,77,45
Green Tea,SP702,7/1/2018,70,90,80,160,48,829,71,13,47,119,24
Green Tea,SP702,6/1/2018,70,100,70,170,79,593,98,30,35,177,63
Green Tea,SP702,5/1/2018,150,220,160,370,154,1132,213,50,120,367,93
Green Tea,SP702,4/1/2018,90,140,110,230,68,438,99,21,56,167,43
Green Tea,SP702,2/1/2018,30,60,50,90,45,447,69,14,24,114,45
Green Tea,SP702,1/1/2018,60,110,90,170,82,788,123,27,64,205,59
Green Tea,SP775,12/1/2018,50,110,80,160,45,447,69,14,23,114,46
Green Tea,SP775,9/1/2018,30,70,60,100,43,419,64,13,28,107,36
Green Tea,SP775,8/1/2018,30,50,30,80,54,404,66,20,13,120,53
Green Tea,SP775,3/1/2018,110,170,140,280,108,971,157,30,115,265,42
Green Tea,CA203,11/1/2018,20,50,40,70,46,449,67,14,30,113,37
Green Tea,CA203,6/1/2018,20,50,50,70,27,859,39,7,20,66,19
Green Tea,GE213,12/1/2018,10,40,20,50,45,320,64,41,-6,109,70
Green Tea,GE415,7/1/2018,40,60,50,100,40,881,59,11,36,99,23
Green Tea,GE415,4/1/2018,50,90,80,140,123,915,179,34,134,302,45
Green Tea,GE415,3/1/2018,0,20,20,20,21,480,32,5,16,53,16
Green Tea,CA475,5/1/2018,170,170,110,340,239,1755,239,66,149,478,90
Green Tea,CA475,4/1/2018,110,180,130,290,257,1662,341,84,224,598,117
Green Tea,CA475,2/1/2018,20,40,30,60,39,244,53,12,13,92,40
Green Tea,CA475,1/1/2018,50,80,80,130,76,580,111,21,78,187,33
Green Tea,CH503,12/1/2018,20,50,40,70,60,329,99,18,57,159,42
Green Tea,CH503,7/1/2018,20,30,30,50,21,846,31,5,14,52,17
Green Tea,CH503,6/1/2018,40,60,50,100,38,871,56,10,35,94,21
Green Tea,CH503,2/1/2018,50,90,60,140,82,788,123,27,65,205,58
Green Tea,CH541,9/1/2018,40,80,80,120,76,580,111,21,78,187,33
Green Tea,CH541,8/1/2018,100,160,130,260,72,650,110,23,56,182,54
Green Tea,CH541,3/1/2018,50,80,60,130,82,788,123,27,65,205,58
Green Tea,CH541,1/1/2018,20,50,50,70,22,573,29,7,10,51,19
Green Tea,GE562,10/1/2018,20,60,60,80,40,881,59,11,37,99,22
Green Tea,GE650,11/1/2018,30,60,50,90,47,375,64,15,21,111,43
Green Tea,GE714,6/1/2018,230,320,240,550,257,1662,341,84,225,598,116
Green Tea,GE714,5/1/2018,140,150,110,290,161,1267,161,45,91,322,70
Green Tea,GE760,9/1/2018,0,60,60,60,0,430,43,0,31,43,12
Green Tea,GE760,1/1/2018,10,30,30,40,23,800,35,6,17,58,18
Green Tea,GE818,8/1/2018,20,40,40,60,46,449,67,14,30,113,37
Green Tea,GE858,2/1/2018,30,80,80,110,32,833,47,8,28,79,19
Green Tea,CA860,9/1/2018,340,370,300,710,239,1755,239,66,149,478,90
Green Tea,CA860,7/1/2018,60,90,80,150,80,1055,94,24,48,174,46
Green Tea,CA860,3/1/2018,70,110,90,180,86,547,116,28,60,202,56
Green Tea,CA959,12/1/2018,20,30,20,50,39,244,53,12,14,92,39
Green Tea,CA959,10/1/2018,70,100,70,170,54,404,66,20,12,120,54
Green Tea,CA959,8/1/2018,40,90,80,130,39,541,51,12,26,90,25
Green Tea,CH971,11/1/2018,100,160,150,260,108,971,157,30,116,265,41
Green Tea,CH971,10/1/2018,30,60,60,90,27,859,39,7,21,66,18
Green Tea,CH971,5/1/2018,80,120,100,200,86,547,116,28,61,202,55
Green Tea,CH971,4/1/2018,100,160,120,260,79,593,98,30,34,177,64
Green Tea,MA435,12/1/2018,50,100,80,150,43,419,64,13,29,107,35
Green Tea,MA435,10/1/2018,220,-30,-100,190,154,3654,-24,50,-117,130,93
Green Tea,MA435,9/1/2018,0,10,10,10,10,598,13,3,-2,23,15
Green Tea,MA435,8/1/2018,30,60,50,90,31,1000,37,9,7,68,30
Green Tea,MA435,7/1/2018,70,90,80,160,48,851,70,13,45,118,25
Green Tea,MA435,6/1/2018,50,80,70,130,65,1053,77,20,35,142,42
Green Tea,MA435,4/1/2018,110,190,160,300,122,789,176,39,115,298,61
Green Tea,MA435,3/1/2018,140,190,100,330,96,683,134,87,17,230,117
Green Tea,MA435,2/1/2018,70,110,90,180,91,656,127,28,76,218,51
Green Tea,MA435,1/1/2018,110,40,10,150,86,1698,23,26,-26,109,49
Green Tea,MA801,11/1/2018,40,70,30,110,51,503,71,46,-5,122,76
Green Tea,MA801,5/1/2018,30,50,40,80,54,1037,64,16,27,118,37
Green Tea,IN339,7/1/2018,130,190,160,320,123,915,179,34,134,302,45
Green Tea,IN351,11/1/2018,40,50,0,90,60,606,84,54,0,144,84
Green Tea,IN413,10/1/2018,10,30,20,40,39,244,53,12,14,92,39
Green Tea,IN413,6/1/2018,30,60,50,90,82,788,123,27,64,205,59
Green Tea,IN413,5/1/2018,30,50,50,80,76,580,111,21,79,187,32
Green Tea,IN508,8/1/2018,170,230,130,400,255,1756,312,96,183,567,129
Green Tea,IN617,9/1/2018,110,120,80,230,239,1755,239,66,149,478,90
Green Tea,IN781,4/1/2018,10,20,0,30,25,209,31,9,-11,56,42
Green Tea,IN781,1/1/2018,50,80,50,130,72,650,110,23,55,182,55
Green Tea,IN857,12/1/2018,20,30,30,50,46,449,67,14,31,113,36
Green Tea,IN857,3/1/2018,50,100,80,150,91,656,127,28,76,218,51
Green Tea,IN978,2/1/2018,50,90,80,140,90,572,115,29,74,205,41
Green Tea,AU212,4/1/2018,80,120,100,200,76,580,111,21,78,187,33
Green Tea,AU315,7/1/2018,20,30,30,50,21,480,32,5,15,53,17
Green Tea,AU347,1/1/2018,0,20,10,20,25,209,31,9,-12,56,43
Green Tea,AU516,5/1/2018,40,60,50,100,91,656,127,28,76,218,51
Green Tea,AU518,12/1/2018,20,40,40,60,24,806,36,6,18,60,18
Green Tea,AU518,10/1/2018,20,60,50,80,72,650,110,23,56,182,54
Green Tea,AU518,3/1/2018,110,-110,-170,0,255,7058,-255,96,-363,21,129
Green Tea,AU646,9/1/2018,10,30,10,40,34,240,43,12,-3,77,46
Green Tea,AU646,8/1/2018,20,40,10,60,60,606,84,54,0,144,84
Green Tea,AU718,11/1/2018,0,40,40,40,0,430,43,0,32,43,11
Green Tea,AU718,6/1/2018,50,70,60,120,48,851,70,13,46,118,24
Green Tea,AU845,2/1/2018,30,60,50,90,43,419,64,13,28,107,36
Green Tea,BR303,7/1/2018,30,60,30,90,51,503,71,46,-5,122,76
Green Tea,BR303,4/1/2018,80,120,40,200,96,683,134,87,17,230,117
Green Tea,BR303,1/1/2018,140,150,70,290,255,1622,258,96,129,513,129
Green Tea,BR719,12/1/2018,30,60,60,90,48,851,70,13,45,118,25
Green Tea,BR719,11/1/2018,30,30,20,60,54,404,66,20,13,120,53
Green Tea,BR719,8/1/2018,20,70,60,90,45,447,69,14,23,114,46
Green Tea,BR719,5/1/2018,60,100,90,160,90,572,115,29,73,205,42
Green Tea,BR720,10/1/2018,40,50,30,90,79,593,98,30,34,177,64
Green Tea,BR720,6/1/2018,190,220,170,410,239,1246,281,74,186,520,95
Green Tea,BR720,3/1/2018,90,150,130,240,122,789,176,39,114,298,62
Green Tea,BR970,9/1/2018,120,170,120,290,154,1132,213,50,120,367,93
Green Tea,BR970,2/1/2018,60,90,60,150,79,593,98,30,34,177,64
Lemon,UN330,12/1/2018,60,20,10,80,86,1698,23,26,-26,109,49
Lemon,UN330,8/1/2018,20,40,40,60,39,541,51,12,27,90,24
Lemon,UN419,9/1/2018,30,60,60,90,48,829,71,13,47,119,24
Lemon,UN513,10/1/2018,10,30,20,40,34,240,43,12,-3,77,46
Lemon,UN513,6/1/2018,30,30,20,60,56,385,70,21,16,126,54
Lemon,UN567,5/1/2018,10,40,30,50,31,1000,37,9,6,68,31
Lemon,UN614,11/1/2018,10,30,30,40,27,859,39,7,20,66,19
Lemon,UN614,7/1/2018,30,60,50,90,52,405,71,17,26,123,45
Lemon,UN614,4/1/2018,130,-50,-100,80,239,4360,-75,74,-170,164,95
Lemon,UN740,3/1/2018,60,20,0,80,86,1698,23,26,-27,109,50
Lemon,UN740,2/1/2018,30,50,50,80,65,1053,77,20,35,142,42
Lemon,UN740,1/1/2018,20,40,40,60,39,541,51,12,26,90,25
Lemon,FR505,12/1/2018,90,150,130,240,122,789,176,39,114,298,62
Lemon,FR505,11/1/2018,80,130,120,210,108,971,157,30,116,265,41
Lemon,FR505,10/1/2018,40,50,40,90,80,1055,94,24,48,174,46
Lemon,FR505,9/1/2018,210,510,450,720,239,1197,526,66,435,765,91
Lemon,FR505,8/1/2018,140,160,120,300,161,1267,161,45,92,322,69
Lemon,FR505,7/1/2018,10,30,10,40,25,209,31,9,-12,56,43
Lemon,FR505,6/1/2018,110,170,130,280,118,930,172,33,128,290,44
Lemon,FR505,5/1/2018,50,60,20,110,54,391,67,20,14,121,53
Lemon,FR505,4/1/2018,80,90,50,170,69,1060,81,21,39,150,42
Lemon,FR505,3/1/2018,130,0,-50,130,113,2758,3,36,-56,116,59
Lemon,FR505,2/1/2018,60,80,10,140,52,509,73,47,-4,125,77
Lemon,FR505,1/1/2018,10,20,10,30,15,848,24,4,8,39,16
Lemon,IN239,1/1/2018,40,60,40,100,46,316,67,14,30,113,37
Lemon,IN305,9/1/2018,50,80,50,130,59,411,79,19,33,138,46
Lemon,IN305,8/1/2018,50,90,40,140,75,-1050,114,24,59,189,55
Lemon,IN305,5/1/2018,80,100,60,180,102,-2003,143,31,89,245,54
Lemon,IN305,4/1/2018,30,40,30,70,33,836,48,9,27,81,21
Lemon,IN407,11/1/2018,200,210,140,410,211,1778,212,59,129,423,83
Lemon,IN727,2/1/2018,50,70,30,120,55,410,69,20,16,124,53
Lemon,IN754,6/1/2018,0,40,30,40,0,387,43,0,31,43,12
Lemon,IN772,3/1/2018,40,70,10,110,61,-906,86,55,1,147,85
Lemon,IN850,10/1/2018,20,30,20,50,22,570,30,7,11,52,19
Lemon,IN904,7/1/2018,20,30,-10,50,34,-522,42,12,-4,76,46
Lemon,IN954,12/1/2018,90,130,100,220,118,930,172,33,127,290,45
Lemon,IT603,12/1/2018,60,90,70,150,50,589,73,14,48,123,25
Lemon,IT603,11/1/2018,20,40,30,60,32,482,48,8,29,80,19
Lemon,IT603,10/1/2018,110,-60,-190,50,121,3385,-60,109,-202,61,142
Lemon,IT603,9/1/2018,90,110,70,200,75,1063,89,23,45,164,44
Lemon,IT603,8/1/2018,50,60,0,110,52,554,68,47,-8,120,76
Lemon,IT603,7/1/2018,90,130,90,220,101,552,130,33,85,231,45
Lemon,IT603,6/1/2018,110,170,40,280,121,912,168,109,26,289,142
Lemon,IT603,5/1/2018,50,80,50,130,59,411,79,19,33,138,46
Lemon,IT603,4/1/2018,60,80,10,140,61,613,86,55,2,147,84
Lemon,IT603,3/1/2018,20,50,40,70,22,802,34,6,16,56,18
Lemon,IT603,2/1/2018,10,20,10,30,15,848,24,4,9,39,15
Lemon,IT603,1/1/2018,40,60,30,100,53,321,88,16,49,141,39
Lemon,JA206,5/1/2018,60,100,80,160,54,885,78,15,51,132,27
Lemon,JA253,8/1/2018,290,390,290,680,228,1691,304,75,196,532,108
Lemon,JA360,9/1/2018,50,60,20,110,54,391,67,20,13,121,54
Lemon,JA360,3/1/2018,40,60,10,100,44,325,62,40,-8,106,70
Lemon,JA360,1/1/2018,90,120,20,210,94,694,130,85,15,224,115
Lemon,JA425,12/1/2018,30,50,0,80,44,325,62,40,-7,106,69
Lemon,JA425,10/1/2018,230,230,170,460,181,1283,182,50,107,363,75
Lemon,JA509,11/1/2018,50,70,40,120,59,411,79,19,32,138,47
Lemon,JA509,7/1/2018,170,160,100,330,181,1283,182,50,107,363,75
Lemon,JA509,6/1/2018,50,60,20,110,54,391,67,20,13,121,54
Lemon,JA509,4/1/2018,50,80,50,130,53,321,88,16,48,141,40
Lemon,JA509,2/1/2018,40,60,30,100,46,316,67,14,30,113,37
Lemon,NE217,5/1/2018,20,30,20,50,25,823,38,7,19,63,19
Lemon,NE224,4/1/2018,70,110,80,180,81,984,117,22,84,198,33
Lemon,NE312,7/1/2018,210,280,180,490,228,1691,304,75,196,532,108
Lemon,NE630,10/1/2018,110,150,20,260,121,912,168,109,26,289,142
Lemon,NE630,9/1/2018,90,120,80,210,101,552,130,33,85,231,45
Lemon,NE630,6/1/2018,40,50,0,90,44,325,62,40,-8,106,70
Lemon,NE630,3/1/2018,110,150,110,260,118,930,172,33,127,290,45
Lemon,NE630,1/1/2018,120,180,120,300,130,1134,195,42,122,325,73
Lemon,NE773,12/1/2018,10,20,10,30,22,570,30,7,11,52,19
Lemon,NE773,11/1/2018,10,20,10,30,15,848,24,4,9,39,15
Lemon,NE773,2/1/2018,30,40,30,70,32,482,48,8,29,80,19
Lemon,NE847,8/1/2018,260,320,230,580,225,1272,265,69,174,490,91
Lemon,GR314,1/1/2018,30,60,40,90,40,536,52,13,27,92,25
Lemon,GR417,7/1/2018,100,130,90,230,88,561,112,29,71,200,41
Lemon,GR417,2/1/2018,220,340,230,560,249,2580,374,87,236,623,138
Lemon,GR573,12/1/2018,90,130,30,220,94,694,130,85,16,224,114
Lemon,GR573,11/1/2018,60,340,300,400,75,-3287,379,24,324,454,55
Lemon,GR573,10/1/2018,60,80,50,140,53,380,71,17,27,124,44
Lemon,GR573,8/1/2018,60,90,40,150,53,470,75,17,14,128,61
Lemon,GR636,6/1/2018,290,450,310,740,249,2580,374,87,235,623,139
Lemon,GR636,3/1/2018,110,180,130,290,130,1134,195,42,122,325,73
Lemon,GR660,9/1/2018,20,40,20,60,29,1003,35,8,5,64,30
Lemon,GR660,5/1/2018,30,50,10,80,33,243,41,12,-4,74,45
Lemon,GR660,4/1/2018,50,80,60,130,47,834,68,13,44,115,24
Lemon,UN225,9/1/2018,80,100,40,180,82,601,102,31,38,184,64
Lemon,UN225,2/1/2018,170,230,140,400,173,1150,239,57,139,412,100
Lemon,UN318,7/1/2018,70,110,70,180,63,446,93,20,50,156,43
Lemon,UN318,6/1/2018,30,60,30,90,43,452,66,14,20,109,46
Lemon,UN318,3/1/2018,70,100,60,170,78,798,119,25,63,197,56
Lemon,UN337,11/1/2018,50,70,30,120,43,452,66,14,20,109,46
Lemon,UN337,5/1/2018,40,70,40,110,46,424,68,14,32,114,36
Lemon,UN337,4/1/2018,40,60,20,100,55,410,69,20,15,124,54
Lemon,UN504,10/1/2018,80,120,90,200,81,984,117,22,84,198,33
Lemon,UN504,1/1/2018,40,50,20,90,49,454,71,15,33,120,38
Lemon,UN985,12/1/2018,30,60,40,90,36,862,52,10,31,88,21
Lemon,UN985,8/1/2018,30,40,-10,70,44,325,62,40,-7,106,69
Lemon,SP702,11/1/2018,50,80,60,130,54,885,78,15,51,132,27
Lemon,SP702,10/1/2018,20,30,30,50,32,482,48,8,28,80,20
Lemon,SP702,9/1/2018,80,130,110,210,118,930,172,33,128,290,44
Lemon,SP702,6/1/2018,170,180,110,350,211,1778,212,59,129,423,83
Lemon,SP702,3/1/2018,160,220,140,380,228,1691,304,75,196,532,108
Lemon,SP775,12/1/2018,20,40,10,60,35,248,47,11,9,82,38
Lemon,SP775,8/1/2018,40,60,40,100,50,589,73,14,48,123,25
Lemon,SP775,7/1/2018,30,70,50,100,53,321,88,16,49,141,39
Lemon,SP775,5/1/2018,10,30,20,40,15,848,24,4,8,39,16
Lemon,SP775,4/1/2018,20,50,40,70,28,875,42,7,23,70,19
Lemon,SP775,2/1/2018,60,100,60,160,78,798,119,25,62,197,57
Lemon,SP775,1/1/2018,30,60,40,90,50,589,73,14,48,123,25
Lemon,ME319,12/1/2018,90,150,100,240,75,659,114,24,58,189,56
Lemon,ME319,7/1/2018,60,90,40,150,78,798,119,25,62,197,57
Lemon,ME319,6/1/2018,20,40,30,60,22,570,30,7,11,52,19
Lemon,ME319,4/1/2018,50,70,50,120,54,885,78,15,52,132,26
Lemon,ME319,3/1/2018,50,70,40,120,53,380,71,17,26,124,45
Lemon,ME515,5/1/2018,220,290,190,510,228,1691,304,75,197,532,107
Lemon,ME563,9/1/2018,170,180,120,350,181,1283,182,50,108,363,74
Lemon,ME563,2/1/2018,0,50,40,50,0,387,43,0,31,43,12
Lemon,ME563,1/1/2018,20,30,20,50,22,802,34,6,17,56,17
Lemon,ME641,10/1/2018,30,60,30,90,49,454,71,15,34,120,37
Lemon,ME712,11/1/2018,40,60,50,100,33,836,48,9,27,81,21
Lemon,ME712,8/1/2018,270,270,200,540,211,1778,212,59,129,423,83
Lemon,CA203,6/1/2018,70,80,40,150,75,1063,89,23,45,164,44
Lemon,CA203,3/1/2018,70,100,60,170,77,557,103,25,51,180,52
Lemon,GE209,9/1/2018,20,40,20,60,35,248,47,11,8,82,39
Lemon,GE213,11/1/2018,70,80,40,150,55,410,69,20,16,124,53
Lemon,GE213,3/1/2018,40,60,40,100,40,536,52,13,26,92,26
Lemon,GE310,1/1/2018,80,110,80,190,81,984,117,22,84,198,33
Lemon,GE415,12/1/2018,40,60,40,100,36,862,52,10,30,88,22
Lemon,CA475,12/1/2018,70,100,60,170,77,557,103,25,51,180,52
Lemon,CA475,2/1/2018,90,120,60,210,82,601,102,31,38,184,64
Lemon,CH503,7/1/2018,200,-30,-130,170,173,3909,-27,57,-127,146,100
Lemon,CH503,6/1/2018,50,80,50,130,46,424,68,14,32,114,36
Lemon,CH503,1/1/2018,0,20,10,20,10,596,13,3,-3,23,16
Lemon,CH541,12/1/2018,30,40,20,70,29,1003,35,8,5,64,30
Lemon,CH541,8/1/2018,30,60,50,90,31,856,47,8,28,78,19
Lemon,CH541,2/1/2018,60,80,40,140,69,1060,81,21,38,150,43
Lemon,GE562,10/1/2018,110,160,110,270,113,803,165,36,106,278,59
Lemon,GE650,7/1/2018,110,150,40,260,94,694,130,85,16,224,114
Lemon,GE661,6/1/2018,90,130,90,220,102,666,143,31,89,245,54
Lemon,GE707,4/1/2018,90,50,10,140,82,1804,40,25,-8,122,48
Lemon,GE714,2/1/2018,50,70,10,120,52,509,73,47,-3,125,76
Lemon,GE805,5/1/2018,40,60,30,100,57,1042,68,17,29,125,39
Lemon,CA860,11/1/2018,120,170,130,290,118,930,172,33,127,290,45
Lemon,CA860,8/1/2018,50,70,0,120,61,613,86,55,2,147,84
Lemon,CA860,5/1/2018,20,30,10,50,35,248,47,11,9,82,38
Lemon,CA860,1/1/2018,50,90,50,140,78,798,119,25,62,197,57
Lemon,GE916,8/1/2018,30,50,40,80,50,589,73,14,47,123,26
Lemon,CA959,10/1/2018,200,250,130,450,245,1784,300,93,173,545,127
Lemon,CA959,9/1/2018,150,150,80,300,211,1778,212,59,128,423,84
Lemon,CA959,7/1/2018,20,40,0,60,34,211,42,12,-3,76,45
Lemon,CA959,4/1/2018,60,90,50,150,75,659,114,24,59,189,55
Lemon,CH971,11/1/2018,30,50,30,80,49,454,71,15,34,120,37
Lemon,CH971,10/1/2018,80,120,70,200,102,666,143,31,89,245,54
Lemon,CH971,9/1/2018,70,90,60,160,88,561,112,29,70,200,42
Lemon,CH971,5/1/2018,50,70,50,120,50,589,73,14,47,123,26
Lemon,CH971,4/1/2018,30,50,40,80,32,482,48,8,29,80,19
Lemon,CH971,3/1/2018,20,30,0,50,34,211,42,12,-3,76,45
Lemon,MA435,11/1/2018,70,100,70,170,102,666,143,31,89,245,54
Lemon,MA435,10/1/2018,50,80,40,130,75,659,114,24,59,189,55
Lemon,MA435,9/1/2018,30,60,40,90,36,809,54,10,33,90,21
Lemon,MA435,8/1/2018,180,-180,-280,0,245,7653,-245,93,-340,32,127
Lemon,MA435,7/1/2018,20,40,0,60,33,243,41,12,-4,74,45
Lemon,MA435,6/1/2018,40,60,0,100,61,613,86,55,1,147,85
Lemon,MA435,5/1/2018,0,40,30,40,0,387,43,0,32,43,11
Lemon,MA435,4/1/2018,30,50,40,80,31,856,47,8,28,78,19
Lemon,MA435,3/1/2018,40,60,30,100,46,424,68,14,31,114,37
Lemon,MA435,2/1/2018,40,70,10,110,52,509,73,47,-4,125,77
Lemon,MA435,1/1/2018,80,120,20,200,94,694,130,85,15,224,115
Lemon,MA801,12/1/2018,180,240,140,420,245,1704,331,93,204,576,127
Lemon,IN339,8/1/2018,20,50,40,70,31,856,47,8,27,78,20
Lemon,IN339,1/1/2018,40,50,20,90,55,410,69,20,15,124,54
Lemon,IN508,12/1/2018,40,60,30,100,43,452,66,14,20,109,46
Lemon,IN508,4/1/2018,80,100,70,180,88,561,112,29,70,200,42
Lemon,IN508,3/1/2018,60,70,30,130,82,601,102,31,38,184,64
Lemon,IN617,11/1/2018,210,240,160,450,225,1272,265,69,174,490,91
Lemon,IN781,10/1/2018,100,150,100,250,113,803,165,36,107,278,58
Lemon,IN781,6/1/2018,160,220,130,380,173,1150,239,57,138,412,101
Lemon,IN781,2/1/2018,70,100,40,170,82,601,102,31,38,184,64
Lemon,IN857,9/1/2018,70,40,0,110,82,1804,40,25,-9,122,49
Lemon,IN857,5/1/2018,30,50,30,80,40,536,52,13,27,92,25
Lemon,IN978,7/1/2018,40,60,40,100,47,834,68,13,44,115,24
Lemon,RU262,11/1/2018,20,30,0,50,33,243,41,12,-4,74,45
Lemon,RU262,10/1/2018,40,40,10,80,54,391,67,20,13,121,54
Lemon,RU262,8/1/2018,20,30,10,50,29,1003,35,8,5,64,30
Lemon,RU262,7/1/2018,30,50,40,80,36,862,52,10,30,88,22
Lemon,RU262,5/1/2018,50,70,40,120,59,411,79,19,32,138,47
Lemon,RU262,2/1/2018,160,-50,-120,110,225,4742,-65,69,-156,160,91
Lemon,RU608,9/1/2018,70,40,0,110,82,1804,40,25,-8,122,48
Lemon,RU608,4/1/2018,30,50,30,80,40,536,52,13,27,92,25
Lemon,RU715,12/1/2018,50,50,30,100,69,1060,81,21,38,150,43
Lemon,RU715,3/1/2018,100,150,100,250,113,803,165,36,107,278,58
Lemon,RU715,1/1/2018,70,110,80,180,81,984,117,22,84,198,33
Lemon,RU920,6/1/2018,50,60,30,110,75,1063,89,23,44,164,45
Lemon,AU315,5/1/2018,200,460,390,660,211,933,464,59,381,675,83
Lemon,AU516,7/1/2018,170,180,120,350,181,1283,182,50,108,363,74
Lemon,AU516,3/1/2018,30,40,0,70,34,211,42,12,-3,76,45
Lemon,AU518,2/1/2018,120,170,130,290,123,959,179,34,134,302,45
Lemon,AU607,12/1/2018,60,80,30,140,65,403,80,24,22,145,58
Lemon,AU607,6/1/2018,70,90,50,160,63,1075,76,19,36,139,40
Lemon,AU607,1/1/2018,150,-30,-90,120,127,2947,-25,40,-88,102,63
Lemon,AU631,11/1/2018,50,80,20,130,47,521,65,42,-7,112,72
Lemon,AU631,4/1/2018,10,30,20,40,16,851,25,4,10,41,15
Lemon,AU646,8/1/2018,40,70,50,110,52,327,75,16,37,127,38
Lemon,AU845,10/1/2018,50,70,40,120,54,424,73,17,29,127,44
Lemon,AU917,9/1/2018,50,70,30,120,67,-1239,101,22,47,168,54
Lemon,SI405,10/1/2018,100,140,90,240,134,-2248,186,41,121,320,65
Lemon,SI405,7/1/2018,30,40,30,70,31,844,46,8,26,77,20
Lemon,SI405,4/1/2018,40,50,10,90,46,422,57,17,6,103,51
Lemon,SI405,3/1/2018,240,240,160,480,250,1820,251,70,157,501,94
Lemon,SI405,2/1/2018,0,40,30,40,0,344,43,0,31,43,12
Lemon,SI580,12/1/2018,40,60,0,100,55,-1053,76,49,-3,131,79
Lemon,SI580,11/1/2018,20,30,20,50,24,567,32,7,13,56,19
Lemon,SI580,9/1/2018,10,20,-10,30,20,-598,25,7,-15,45,40
Lemon,SI580,8/1/2018,90,140,110,230,123,959,179,34,133,302,46
Lemon,SI580,6/1/2018,60,110,90,170,54,601,79,15,53,133,26
Lemon,SI580,1/1/2018,20,30,20,50,29,490,44,8,24,73,20
Lemon,SI918,5/1/2018,130,-70,-210,60,135,3641,-69,122,-224,66,155
Lemon,BR303,11/1/2018,100,120,80,220,80,1079,96,24,50,176,46
Lemon,BR303,10/1/2018,40,50,-10,90,47,571,52,42,-20,99,72
Lemon,BR719,4/1/2018,90,110,70,200,94,540,120,31,77,214,43
Lemon,BR719,1/1/2018,130,180,40,310,135,940,187,122,31,322,156
Lemon,BR720,6/1/2018,50,70,40,120,54,424,73,17,28,127,45
Lemon,BR720,5/1/2018,50,70,10,120,55,627,76,49,-2,131,78
Lemon,BR970,12/1/2018,20,50,40,70,23,807,35,6,17,58,18
Lemon,BR970,9/1/2018,10,20,10,30,16,851,25,4,10,41,15
Lemon,BR970,8/1/2018,30,50,20,80,41,320,66,12,31,107,35
Lemon,BR970,7/1/2018,60,90,70,150,50,898,73,14,48,123,25
Lemon,BR970,3/1/2018,310,420,320,730,247,1744,329,81,216,576,113
Lemon,BR970,2/1/2018,60,80,30,140,65,403,80,24,23,145,57
Lemon,SW214,12/1/2018,40,70,10,110,49,335,69,44,-4,118,73
Lemon,SW254,1/1/2018,100,140,30,240,105,716,145,95,21,250,124
Lemon,SW281,8/1/2018,30,60,10,90,49,335,69,44,-5,118,74
Lemon,SW281,7/1/2018,190,200,140,390,153,1319,153,42,87,306,66
Lemon,SW281,3/1/2018,50,60,30,110,54,424,73,17,28,127,45
Lemon,SW325,4/1/2018,140,140,80,280,153,1319,153,42,87,306,66
Lemon,SW409,10/1/2018,60,70,20,130,65,403,80,24,22,145,58
Lemon,SW409,6/1/2018,30,60,30,90,41,320,66,12,30,107,36
Lemon,SW432,2/1/2018,40,70,40,110,52,327,75,16,36,127,39
Lemon,SW512,5/1/2018,80,110,80,190,86,1003,124,24,89,210,35
Lemon,SW830,9/1/2018,20,30,20,50,24,829,36,6,19,60,17
Lemon,SW936,11/1/2018,230,300,200,530,247,1744,329,81,216,576,113
Mint,IN239,5/1/2018,120,170,30,290,135,940,187,122,32,322,155
Mint,IN305,10/1/2018,80,110,70,190,94,540,120,31,77,214,43
Mint,IN305,8/1/2018,40,60,0,100,49,335,69,44,-5,118,74
Mint,IN305,6/1/2018,110,170,130,280,123,959,179,34,133,302,46
Mint,IN407,9/1/2018,100,160,110,260,115,1166,174,37,105,289,69
Mint,IN561,12/1/2018,10,30,20,40,24,567,32,7,12,56,20
Mint,IN754,4/1/2018,10,20,10,30,16,851,25,4,9,41,16
Mint,IN772,1/1/2018,20,40,30,60,29,490,44,8,25,73,19
Mint,IN813,3/1/2018,280,340,240,620,241,1321,284,74,188,525,96
Mint,IN850,2/1/2018,40,50,30,90,43,531,56,14,29,99,27
Mint,IN904,7/1/2018,90,130,100,220,81,551,104,26,66,185,38
Mint,IN954,11/1/2018,250,370,250,620,279,2642,420,97,271,699,149
Mint,NE309,8/1/2018,100,140,30,240,105,716,145,95,20,250,125
Mint,NE309,6/1/2018,60,390,360,450,67,-3534,443,22,390,510,53
Mint,NE618,4/1/2018,50,80,50,130,49,392,65,16,21,114,44
Mint,NE630,12/1/2018,330,500,350,830,279,2642,420,97,271,699,149
Mint,NE630,11/1/2018,40,70,20,110,41,482,57,13,1,98,56
Mint,NE773,9/1/2018,100,160,110,260,115,1166,174,37,105,289,69
Mint,NE773,5/1/2018,30,30,10,60,31,1009,38,9,8,69,30
Mint,NE773,3/1/2018,40,60,20,100,39,250,49,14,1,88,48
Mint,NE773,1/1/2018,50,90,70,140,49,845,71,13,46,120,25
Mint,NE815,10/1/2018,60,90,40,150,68,619,85,25,26,153,59
Mint,NE815,7/1/2018,220,300,190,520,224,1191,310,73,194,534,116
Mint,NE847,2/1/2018,80,120,80,200,72,461,104,23,58,176,46
Mint,SP702,11/1/2018,40,60,30,100,48,462,74,15,28,122,46
Mint,SP702,10/1/2018,70,120,80,190,88,817,133,29,73,221,60
Mint,SP702,8/1/2018,50,90,50,140,48,462,74,15,27,122,47
Mint,SP702,4/1/2018,40,50,20,90,41,435,60,13,24,101,36
Mint,SP702,3/1/2018,30,50,10,80,46,422,57,17,6,103,51
Mint,SP702,2/1/2018,90,120,90,210,86,1003,124,24,89,210,35
Mint,SP702,1/1/2018,30,50,20,80,43,466,63,13,28,106,35
Mint,SP775,12/1/2018,30,50,40,80,33,870,49,9,29,82,20
Mint,SP775,9/1/2018,30,50,0,80,49,335,69,44,-4,118,73
Mint,SP775,7/1/2018,20,30,30,50,29,490,44,8,25,73,19
Mint,SP775,6/1/2018,90,130,110,220,123,959,179,34,134,302,45
Mint,SP775,5/1/2018,50,70,50,120,50,898,73,14,47,123,26
Mint,CA203,3/1/2018,210,200,120,410,250,1820,251,70,156,501,95
Mint,GE209,10/1/2018,180,240,150,420,247,1744,329,81,215,576,114
Mint,GE310,8/1/2018,30,40,10,70,38,256,51,12,11,89,40
Mint,GE408,6/1/2018,40,70,50,110,54,601,79,15,53,133,26
Mint,CA475,12/1/2018,30,40,20,70,41,320,66,12,30,107,36
Mint,CA475,11/1/2018,10,30,20,40,16,851,25,4,10,41,15
Mint,CA475,9/1/2018,30,40,30,70,30,882,45,8,26,75,19
Mint,CA475,6/1/2018,70,110,70,180,88,817,133,29,72,221,61
Mint,CA475,5/1/2018,40,60,40,100,54,601,79,15,52,133,27
Mint,CA475,1/1/2018,80,130,80,210,67,677,101,22,47,168,54
Mint,GE530,2/1/2018,60,110,60,170,88,817,133,29,72,221,61
Mint,GE562,3/1/2018,30,40,30,70,24,567,32,7,13,56,19
Mint,GE707,11/1/2018,40,70,50,110,50,898,73,14,47,123,26
Mint,GE707,1/1/2018,150,140,80,290,153,1319,153,42,87,306,66
Mint,GE805,12/1/2018,40,70,40,110,49,392,65,16,21,114,44
Mint,GE805,5/1/2018,240,310,210,550,247,1744,329,81,216,576,113
Mint,GE805,4/1/2018,0,50,40,50,0,344,43,0,32,43,11
Mint,GE831,7/1/2018,20,30,20,50,23,807,35,6,17,58,18
Mint,CA860,10/1/2018,30,50,20,80,43,466,63,13,27,106,36
Mint,CA860,4/1/2018,30,60,50,90,31,844,46,8,27,77,19
Mint,CA860,2/1/2018,320,320,240,640,250,1820,251,70,157,501,94
Mint,GE951,9/1/2018,70,100,60,170,80,1079,96,24,51,176,45
Mint,CA959,8/1/2018,80,110,70,190,83,575,112,27,58,195,54
Mint,CA959,7/1/2018,30,30,0,60,38,256,51,12,12,89,39
Mint,MA435,12/1/2018,50,80,40,130,46,422,57,17,6,103,51
Mint,MA435,10/1/2018,50,60,40,110,43,531,56,14,30,99,26
Mint,MA435,6/1/2018,80,120,90,200,86,1003,124,24,88,210,36
Mint,MA435,5/1/2018,30,60,50,90,33,870,49,9,28,82,21
Mint,MA435,4/1/2018,80,110,70,190,83,575,112,27,57,195,55
Mint,MA435,2/1/2018,80,100,50,180,68,619,85,25,26,153,59
Mint,MA435,1/1/2018,260,-40,-150,220,224,4216,-32,73,-149,192,117
Mint,MA801,11/1/2018,40,80,50,120,41,435,60,13,25,101,35
Mint,MA801,9/1/2018,0,20,10,20,10,594,14,3,-1,24,15
Mint,MA801,8/1/2018,30,50,30,80,31,1009,38,9,8,69,30
Mint,MA801,7/1/2018,40,60,50,100,34,863,51,9,31,85,20
Mint,MA801,3/1/2018,60,70,40,130,63,1075,76,19,36,139,40
Mint,AU212,9/1/2018,120,180,130,300,127,830,185,40,122,312,63
Mint,AU315,10/1/2018,120,170,50,290,105,716,145,95,20,250,125
Mint,AU315,5/1/2018,120,160,110,280,134,690,186,41,122,320,64
Mint,AU607,2/1/2018,100,90,40,190,92,1898,68,28,16,160,52
Mint,AU716,12/1/2018,40,70,10,110,47,521,65,42,-6,112,71
Mint,AU716,7/1/2018,40,50,20,90,53,1054,63,16,26,116,37
Mint,AU716,6/1/2018,120,190,150,310,123,959,179,34,133,302,46
Mint,AU718,8/1/2018,40,60,0,100,55,627,76,49,-3,131,79
Mint,AU718,4/1/2018,20,40,10,60,38,256,51,12,12,89,39
Mint,AU845,1/1/2018,60,100,60,160,88,817,133,29,73,221,60
Mint,AU914,11/1/2018,30,60,50,90,54,601,79,15,53,133,26
Mint,AU914,3/1/2018,240,300,170,540,294,1838,360,111,216,654,144
Mint,BR303,12/1/2018,180,180,100,360,250,1820,251,70,157,501,94
Mint,BR303,8/1/2018,10,20,-10,30,20,218,25,7,-16,45,41
Mint,BR303,2/1/2018,50,80,40,130,67,677,101,22,47,168,54
Mint,BR719,6/1/2018,30,40,20,70,43,466,63,13,28,106,35
Mint,BR719,5/1/2018,110,150,90,260,134,690,186,41,121,320,65
Mint,BR719,4/1/2018,60,90,60,150,81,551,104,26,66,185,38
Mint,BR720,11/1/2018,50,80,60,130,54,601,79,15,52,133,27
Mint,BR720,9/1/2018,30,40,30,70,29,490,44,8,25,73,19
Mint,BR720,7/1/2018,10,20,0,30,20,218,25,7,-15,45,40
Mint,BR720,3/1/2018,30,50,40,80,33,818,49,9,28,82,21
Mint,BR970,10/1/2018,90,140,100,230,134,690,186,41,121,320,65
Mint,BR970,1/1/2018,40,80,50,120,67,677,101,22,47,168,54
Regular Espresso,IT603,12/1/2018,210,-210,-320,0,294,8252,-294,111,-408,31,145
Regular Espresso,IT603,11/1/2018,30,40,0,70,39,250,49,14,2,88,47
Regular Espresso,IT603,10/1/2018,40,50,-10,90,55,627,76,49,-3,131,79
Regular Espresso,IT603,9/1/2018,0,40,30,40,0,344,43,0,32,43,11
Regular Espresso,IT603,8/1/2018,30,50,40,80,34,863,51,9,30,85,21
Regular Espresso,IT603,7/1/2018,30,60,30,90,41,435,60,13,24,101,36
Regular Espresso,IT603,6/1/2018,40,60,0,100,47,521,65,42,-6,112,71
Regular Espresso,IT603,5/1/2018,90,140,30,230,105,716,145,95,20,250,125
Regular Espresso,IT603,4/1/2018,220,320,210,540,294,1727,453,111,309,747,144
Regular Espresso,IT603,3/1/2018,30,40,30,70,34,863,51,9,30,85,21
Regular Espresso,IT603,2/1/2018,30,40,10,70,46,422,57,17,7,103,50
Regular Espresso,IT603,1/1/2018,40,70,40,110,48,462,74,15,28,122,46
Regular Espresso,IN339,6/1/2018,70,100,70,170,81,551,104,26,66,185,38
Regular Espresso,IN339,5/1/2018,50,60,20,110,68,619,85,25,27,153,58
Regular Espresso,IN351,12/1/2018,220,260,170,480,241,1321,284,74,188,525,96
Regular Espresso,IN351,4/1/2018,120,170,120,290,127,830,185,40,123,312,62
Regular Espresso,IN413,8/1/2018,210,280,170,490,224,1191,310,73,194,534,116
Regular Espresso,IN508,11/1/2018,60,80,30,140,68,619,85,25,26,153,59
Regular Espresso,IN508,3/1/2018,80,60,20,140,92,1898,68,28,16,160,52
Regular Espresso,IN508,2/1/2018,40,50,30,90,43,531,56,14,29,99,27
Regular Espresso,IN617,7/1/2018,40,70,50,110,49,845,71,13,46,120,25
Regular Espresso,IN781,10/1/2018,20,40,10,60,39,250,49,14,2,88,47
Regular Espresso,IN781,9/1/2018,40,60,20,100,65,403,80,24,23,145,57
Regular Espresso,IN978,1/1/2018,20,40,20,60,31,1009,38,9,7,69,31
Regular Espresso,AU212,5/1/2018,30,40,30,70,33,870,49,9,29,82,20
Regular Espresso,AU516,4/1/2018,50,60,30,110,54,424,73,17,29,127,44
Regular Espresso,AU585,7/1/2018,180,-80,-150,100,241,5121,-93,74,-189,148,96
Regular Espresso,AU585,2/1/2018,80,60,20,140,92,1898,68,28,17,160,51
Regular Espresso,AU631,6/1/2018,40,50,30,90,43,531,56,14,29,99,27
Regular Espresso,AU631,1/1/2018,40,60,40,100,63,1075,76,19,36,139,40
Regular Espresso,AU646,11/1/2018,120,170,120,290,127,830,185,40,122,312,63
Regular Espresso,AU646,8/1/2018,80,110,80,190,86,1003,124,24,88,210,36
Regular Espresso,AU716,9/1/2018,60,60,30,120,80,1079,96,24,50,176,46
Regular Espresso,AU718,12/1/2018,240,400,320,640,250,723,407,70,312,657,95
Regular Espresso,AU718,10/1/2018,150,140,80,290,153,1319,153,42,87,306,66
Regular Espresso,AU718,3/1/2018,10,30,0,40,20,218,25,7,-16,45,41
